989.001 0.32823
989.004 0.330553
989.008 0.332897
989.012 0.335257
989.015 0.337627
989.019 0.34
989.023 0.34237
989.026 0.34473
989.03 0.347073
989.034 0.349392
989.038 0.351679
989.041 0.353928
989.045 0.35613
989.049 0.35828
989.053 0.36037
989.057 0.362392
989.061 0.364342
989.064 0.366213
989.068 0.367997
989.072 0.369691
989.077 0.371287
989.081 0.372779
989.085 0.374163
989.089 0.375431
989.093 0.376577
989.098 0.377595
989.102 0.378477
989.107 0.379216
989.111 0.379803
989.116 0.380229
989.121 0.380483
989.126 0.380555
989.131 0.380432
989.136 0.380101
989.142 0.379547
989.148 0.378758
989.153 0.377718
989.16 0.376414
989.166 0.374835
989.172 0.372967
989.179 0.370791
989.186 0.368282
989.194 0.365404
989.202 0.362123
989.21 0.358503
989.217 0.354801
989.225 0.351103
989.232 0.347409
989.239 0.343713
989.246 0.340006
989.253 0.336283
989.259 0.332542
989.266 0.328781
989.272 0.324997
989.279 0.321191
989.285 0.31736
989.292 0.313509
989.298 0.309636
989.305 0.305741
989.312 0.301823
989.318 0.29788
989.325 0.293912
989.332 0.289917
989.338 0.285893
989.345 0.281838
989.353 0.277747
989.36 0.273619
989.367 0.26945
989.375 0.265236
989.383 0.260977
989.391 0.256683
989.399 0.252377
989.407 0.248116
989.415 0.243997
989.423 0.240074
989.431 0.236365
989.439 0.232864
989.446 0.229564
989.454 0.226454
989.461 0.223527
989.468 0.220776
989.475 0.218197
989.482 0.215786
989.489 0.213543
989.495 0.211466
989.502 0.209556
989.509 0.207813
989.515 0.20624
989.522 0.204841
989.528 0.203619
989.535 0.202582
989.541 0.201738
989.548 0.201099
989.554 0.200679
989.56 0.20049
989.567 0.200534
989.573 0.200797
989.578 0.201255
989.584 0.201887
989.589 0.202674
989.594 0.203602
989.599 0.20466
989.603 0.205837
989.608 0.207126
989.612 0.208521
989.616 0.210014
989.62 0.211602
989.624 0.21328
989.628 0.215043
989.632 0.216888
989.636 0.218811
989.64 0.220809
989.643 0.222878
989.647 0.225016
989.651 0.22722
989.654 0.229487
989.658 0.231813
989.661 0.234198
989.665 0.236636
989.668 0.239127
989.671 0.241667
989.675 0.244254
989.678 0.246883
989.681 0.249553
989.685 0.25226
989.688 0.255001
989.692 0.257772
989.695 0.260568
989.698 0.263387
989.702 0.266222
989.705 0.26907
989.708 0.271926
989.712 0.274785
989.715 0.277641
989.719 0.280489
989.722 0.283323
989.725 0.286136
989.729 0.288923
989.732 0.291676
989.736 0.294389
989.739 0.297056
989.743 0.29967
989.746 0.302225
989.75 0.304715
989.754 0.307134
989.757 0.309476
989.761 0.311736
989.765 0.31391
989.768 0.315991
989.772 0.317974
989.776 0.319856
989.78 0.32163
989.784 0.323292
989.788 0.324837
989.792 0.326259
989.796 0.327551
989.801 0.328708
989.805 0.329722
989.81 0.330584
989.814 0.331286
989.819 0.331817
989.824 0.332164
989.829 0.332314
989.834 0.332251
989.84 0.33196
989.846 0.331425
989.852 0.330634
989.858 0.32958
989.865 0.328259
989.871 0.326664
989.878 0.324784
989.885 0.322603
989.893 0.320107
989.9 0.317349
989.908 0.31449
989.915 0.311602
989.921 0.308699
989.928 0.305783
989.935 0.302851
989.941 0.299904
989.947 0.29694
989.953 0.293958
989.96 0.290959
989.966 0.287943
989.972 0.284911
989.978 0.281861
989.984 0.278796
989.99 0.275717
989.996 0.272624
990.002 0.269516
990.009 0.266393
990.015 0.263255
990.021 0.260102
990.028 0.256932
990.034 0.253745
990.04 0.25054
990.047 0.247314
990.054 0.244066
990.061 0.240793
990.067 0.237492
990.075 0.23416
990.082 0.230791
990.089 0.227378
990.097 0.223916
990.105 0.220398
990.113 0.216824
990.122 0.213217
990.13 0.209649
990.139 0.206239
990.147 0.203024
990.155 0.200002
990.163 0.197159
990.17 0.194481
990.178 0.191956
990.185 0.189575
990.192 0.187333
990.199 0.185224
990.206 0.183248
990.213 0.181401
990.219 0.179684
990.226 0.178098
990.232 0.176642
990.239 0.175319
990.245 0.174129
990.251 0.173075
990.257 0.17216
990.263 0.171385
990.269 0.170756
990.275 0.170276
990.281 0.16995
990.287 0.169786
990.293 0.169792
990.299 0.169979
990.304 0.170358
990.31 0.170945
990.316 0.171746
990.322 0.172756
990.327 0.173951
990.333 0.175303
990.338 0.17679
990.342 0.178397
990.347 0.180115
990.351 0.181935
990.356 0.183852
990.36 0.185862
990.364 0.18796
990.368 0.190143
990.371 0.192409
990.375 0.194754
990.379 0.197175
990.382 0.199671
990.386 0.202239
990.389 0.204878
990.392 0.207584
990.396 0.210356
990.399 0.213192
990.402 0.21609
990.405 0.219048
990.408 0.222064
990.412 0.225136
990.415 0.228262
990.418 0.23144
990.421 0.234667
990.424 0.237942
990.427 0.241261
990.43 0.244624
990.433 0.248025
990.436 0.251464
990.439 0.254936
990.442 0.258438
990.445 0.261967
990.448 0.265517
990.451 0.269085
990.454 0.272666
990.457 0.276257
990.46 0.279852
990.463 0.283446
990.466 0.287034
990.469 0.290609
990.473 0.294167
990.476 0.2977
990.479 0.301203
990.482 0.30467
990.485 0.308095
990.488 0.311471
990.492 0.314793
990.495 0.318056
990.498 0.321253
990.501 0.32438
990.505 0.327431
990.508 0.330403
990.512 0.33329
990.515 0.336087
990.519 0.338791
990.522 0.341398
990.526 0.343902
990.53 0.346299
990.533 0.348585
990.537 0.350754
990.541 0.3528
990.545 0.354719
990.55 0.356502
990.554 0.358141
990.559 0.359626
990.563 0.360943
990.569 0.362076
990.574 0.363003
990.579 0.363694
990.585 0.364119
990.591 0.364262
990.597 0.364124
990.603 0.363719
990.609 0.363057
990.616 0.362145
990.622 0.360986
990.629 0.359584
990.635 0.357953
990.642 0.356138
990.648 0.35419
990.654 0.352145
990.661 0.350023
990.667 0.347838
990.673 0.345597
990.678 0.343307
990.684 0.340973
990.69 0.338597
990.696 0.336183
990.701 0.333733
990.707 0.331249
990.713 0.328734
990.718 0.326188
990.724 0.323615
990.73 0.321016
990.735 0.318392
990.741 0.315744
990.747 0.313073
990.753 0.310379
990.758 0.307663
990.764 0.304926
990.77 0.302168
990.776 0.29939
990.782 0.296591
990.788 0.293773
990.794 0.290936
990.8 0.288079
990.806 0.285202
990.813 0.282307
990.819 0.279392
990.825 0.276459
990.832 0.273506
990.839 0.270534
990.845 0.267543
990.852 0.264532
990.859 0.261501
990.866 0.258451
990.873 0.255381
990.881 0.25229
990.888 0.249178
990.896 0.246046
990.903 0.242892
990.911 0.239717
990.919 0.236521
990.928 0.233302
990.936 0.230063
990.945 0.226801
990.954 0.223519
990.963 0.220216
990.972 0.216894
990.982 0.213555
990.991 0.210201
991.001 0.206838
991.012 0.20347
991.022 0.200108
991.033 0.196764
991.044 0.193455
991.055 0.190201
991.066 0.187031
991.077 0.183968
991.087 0.181026
991.098 0.178208
991.108 0.175518
991.118 0.172951
991.128 0.170505
991.138 0.168172
991.147 0.165948
991.156 0.163826
991.165 0.1618
991.174 0.159865
991.183 0.158016
991.191 0.156249
991.199 0.154558
991.207 0.15294
991.215 0.151391
991.223 0.149908
991.231 0.148487
991.238 0.147127
991.245 0.145823
991.253 0.144576
991.26 0.143381
991.267 0.142238
991.274 0.141145
991.28 0.140101
991.287 0.139105
991.293 0.138155
991.3 0.137252
991.306 0.136394
991.312 0.135582
991.318 0.134816
991.324 0.134096
991.33 0.133422
991.336 0.132795
991.342 0.132216
991.348 0.131685
991.353 0.131205
991.359 0.130777
991.364 0.130403
991.37 0.130084
991.375 0.129823
991.38 0.129622
991.385 0.129484
991.39 0.129413
991.395 0.129411
991.4 0.129482
991.405 0.129629
991.41 0.129857
991.415 0.130169
991.419 0.130571
991.424 0.131067
991.429 0.131663
991.433 0.132363
991.438 0.133175
991.442 0.134105
991.447 0.135162
991.451 0.136352
991.455 0.137688
991.46 0.139179
991.464 0.140839
991.468 0.142684
991.472 0.14473
991.477 0.146996
991.481 0.149504
991.485 0.152271
991.49 0.15529
991.494 0.158521
991.498 0.161915
991.502 0.165427
991.505 0.169035
991.509 0.17273
991.512 0.17651
991.516 0.180373
991.519 0.184321
991.522 0.188354
991.525 0.192473
991.528 0.19668
991.531 0.200973
991.533 0.205354
991.536 0.209823
991.539 0.21438
991.541 0.219025
991.544 0.223758
991.546 0.228579
991.549 0.233487
991.551 0.238482
991.554 0.243563
991.556 0.248731
991.559 0.253984
991.561 0.259323
991.563 0.264746
991.566 0.270252
991.568 0.275842
991.57 0.281513
991.573 0.287265
991.575 0.293097
991.577 0.299008
991.579 0.304996
991.582 0.311059
991.584 0.317197
991.586 0.323407
991.588 0.329687
991.591 0.336033
991.593 0.342444
991.595 0.348916
991.597 0.355446
991.6 0.362033
991.602 0.368672
991.604 0.37536
991.606 0.382095
991.609 0.388872
991.611 0.395688
991.613 0.402538
991.616 0.409419
991.618 0.416327
991.62 0.423259
991.623 0.430209
991.625 0.437175
991.628 0.444152
991.63 0.451139
991.633 0.458132
991.635 0.465128
991.638 0.472126
991.64 0.479123
991.643 0.486119
991.646 0.493114
991.648 0.500107
991.651 0.507101
991.654 0.514097
991.657 0.5211
991.66 0.528115
991.663 0.535149
991.666 0.542212
991.669 0.54932
991.672 0.556493
991.676 0.56376
991.68 0.571168
991.684 0.578791
991.688 0.586757
991.693 0.595252
991.698 0.603691
991.702 0.611149
991.707 0.61794
991.711 0.624256
991.715 0.630204
991.72 0.635851
991.724 0.641243
991.728 0.646404
991.733 0.651363
991.737 0.656141
991.741 0.660754
991.746 0.665213
991.75 0.669529
991.755 0.673707
991.759 0.67775
991.764 0.68166
991.769 0.685437
991.773 0.689082
991.778 0.692596
991.783 0.69598
991.788 0.699238
991.793 0.702375
991.797 0.705396
991.802 0.708308
991.807 0.711119
991.812 0.713835
991.817 0.716464
991.822 0.719012
991.827 0.721488
991.832 0.723897
991.836 0.726245
991.841 0.728539
991.846 0.730784
991.851 0.732987
991.856 0.735152
991.862 0.737285
991.867 0.739391
991.872 0.741475
991.877 0.743543
991.882 0.7456
991.887 0.747652
991.893 0.749703
991.898 0.75176
991.903 0.753828
991.909 0.755914
991.914 0.758023
991.92 0.760163
991.926 0.762341
991.931 0.764565
991.937 0.766842
991.943 0.769182
991.949 0.771593
991.955 0.774087
991.961 0.776674
991.967 0.779368
991.973 0.78218
991.98 0.785126
991.986 0.788223
991.992 0.791489
991.999 0.794942
992.006 0.798603
992.013 0.80249
992.02 0.806616
992.027 0.810982
992.034 0.815551
992.04 0.820275
992.047 0.825117
992.054 0.83005
992.06 0.835061
992.066 0.840145
992.072 0.845305
992.078 0.850541
992.083 0.855858
992.089 0.861259
992.094 0.866749
992.1 0.87233
992.105 0.878007
992.11 0.883784
992.115 0.889663
992.12 0.895647
992.125 0.901741
992.129 0.907947
992.134 0.914268
992.139 0.920707
992.144 0.927268
992.148 0.933954
992.153 0.940767
992.158 0.947712
992.162 0.954791
992.167 0.962006
992.171 0.969362
992.176 0.97686
992.181 0.984502
992.185 0.992289
992.19 1.00022
992.194 1.0083
992.199 1.01653
992.204 1.0249
992.208 1.03342
992.213 1.04208
992.217 1.05089
992.222 1.05983
992.227 1.0689
992.232 1.07809
992.236 1.0874
992.241 1.09683
992.246 1.10636
992.251 1.11599
992.256 1.12571
992.26 1.13553
992.265 1.14544
992.27 1.15543
992.275 1.16551
992.28 1.17568
992.285 1.18594
992.29 1.19629
992.296 1.20675
992.301 1.2173
992.306 1.22797
992.311 1.23875
992.317 1.24965
992.322 1.26069
992.328 1.27186
992.333 1.28317
992.339 1.29464
992.345 1.30626
992.351 1.31805
992.357 1.33002
992.364 1.34218
992.37 1.35453
992.377 1.36708
992.383 1.37986
992.39 1.39288
992.397 1.40616
992.405 1.4197
992.412 1.43353
992.42 1.44762
992.428 1.46192
992.436 1.47634
992.444 1.49076
992.452 1.50505
992.46 1.51916
992.468 1.53308
992.476 1.54682
992.484 1.56043
992.492 1.57393
992.5 1.58736
992.507 1.60073
992.515 1.61406
992.523 1.62739
992.531 1.64071
992.539 1.65405
992.547 1.6674
992.555 1.68076
992.563 1.69411
992.57 1.70745
992.578 1.72078
992.586 1.73409
992.594 1.74738
992.601 1.76068
992.609 1.77399
992.617 1.78733
992.624 1.80072
992.632 1.81418
992.639 1.82772
992.647 1.84134
992.654 1.85501
992.661 1.86869
992.668 1.88233
992.675 1.89584
992.682 1.90919
992.689 1.92234
992.695 1.93528
992.701 1.94802
992.707 1.96057
992.713 1.97296
992.719 1.98521
992.724 1.99734
992.73 2.00936
992.735 2.02131
992.74 2.03319
992.745 2.04502
992.75 2.05683
992.755 2.06861
992.76 2.08039
992.764 2.09218
992.769 2.10398
992.774 2.11582
992.778 2.12769
992.783 2.13961
992.787 2.15159
992.792 2.16363
992.796 2.17575
992.801 2.18795
992.805 2.20024
992.81 2.21263
992.814 2.22512
992.819 2.23772
992.823 2.25042
992.827 2.26324
992.832 2.27618
992.836 2.28923
992.841 2.3024
992.845 2.31569
992.85 2.3291
992.854 2.34263
992.859 2.35626
992.863 2.37
992.868 2.38382
992.872 2.39774
992.877 2.41173
992.882 2.42579
992.886 2.43991
992.891 2.45408
992.896 2.46829
992.9 2.48253
992.905 2.49681
992.91 2.51112
992.915 2.52546
992.92 2.53982
992.924 2.55422
992.929 2.56864
992.934 2.5831
992.939 2.59758
992.945 2.61211
992.95 2.62667
992.955 2.64127
992.96 2.65591
992.966 2.67059
992.971 2.6853
992.977 2.70005
992.983 2.71483
992.989 2.72964
992.995 2.74445
993.001 2.75927
993.007 2.77409
993.014 2.78888
993.021 2.80365
993.028 2.81837
993.035 2.83304
993.042 2.84763
993.049 2.86211
993.057 2.87641
993.065 2.89039
993.073 2.9039
993.081 2.9167
993.09 2.92867
993.097 2.93981
993.105 2.95014
993.113 2.9597
993.121 2.96852
993.129 2.97664
993.136 2.98409
993.144 2.99086
993.152 2.99698
993.16 3.00246
993.167 3.00728
993.175 3.01146
993.183 3.01498
993.191 3.01784
993.199 3.02004
993.207 3.02158
993.215 3.02247
993.223 3.02272
993.23 3.02236
993.238 3.02142
993.246 3.01991
993.253 3.01787
993.261 3.01533
993.268 3.0123
993.276 3.00881
993.283 3.00488
993.291 3.00054
993.298 2.99581
993.306 2.99075
993.313 2.98541
993.32 2.97987
993.327 2.9742
993.333 2.96847
993.34 2.96272
993.346 2.95698
993.352 2.95127
993.358 2.94561
993.363 2.93999
993.369 2.93444
993.374 2.92894
993.379 2.92349
993.384 2.9181
993.389 2.91277
993.394 2.90749
993.399 2.90225
993.404 2.89707
993.408 2.89192
993.413 2.88681
993.417 2.88174
993.422 2.8767
993.426 2.87168
993.431 2.86669
993.435 2.8617
993.439 2.85673
993.444 2.85176
993.448 2.84678
993.452 2.8418
993.457 2.8368
993.461 2.83177
993.465 2.82671
993.469 2.82161
993.474 2.81647
993.478 2.81126
993.482 2.806
993.487 2.80066
993.491 2.79524
993.495 2.78973
993.499 2.78412
993.504 2.7784
993.508 2.77256
993.513 2.76659
993.517 2.76049
993.521 2.75424
993.526 2.74784
993.53 2.74127
993.535 2.73452
993.539 2.72759
993.544 2.72046
993.549 2.71311
993.553 2.70553
993.558 2.69771
993.563 2.68963
993.567 2.68127
993.572 2.67261
993.577 2.66363
993.582 2.6543
993.587 2.6446
993.592 2.63451
993.597 2.62398
993.602 2.613
993.607 2.60153
993.613 2.58954
993.618 2.57699
993.624 2.56384
993.63 2.55005
993.636 2.53559
993.642 2.52041
993.648 2.50446
993.654 2.48769
993.661 2.47005
993.668 2.45146
993.675 2.43185
993.682 2.41112
993.689 2.38918
993.697 2.36597
993.705 2.34158
993.713 2.31628
993.721 2.29066
993.729 2.26503
993.737 2.23947
993.745 2.21396
993.753 2.18845
993.76 2.16289
993.768 2.13722
993.775 2.11141
993.783 2.08541
993.79 2.05921
993.798 2.03278
993.806 2.00609
993.813 1.97912
993.821 1.95187
993.829 1.92435
993.837 1.8966
993.844 1.86868
993.852 1.84069
993.86 1.81278
993.868 1.7851
993.876 1.75773
993.884 1.73077
993.892 1.70424
993.899 1.67816
993.907 1.65254
993.914 1.62737
993.922 1.60261
993.929 1.57827
993.936 1.55432
993.944 1.53077
993.951 1.50764
993.958 1.48501
993.966 1.46301
993.973 1.4418
993.979 1.42157
993.986 1.4024
993.992 1.38431
993.999 1.36727
994.005 1.35119
994.01 1.33599
994.016 1.32161
994.021 1.30796
994.026 1.29498
994.031 1.28262
994.036 1.27083
994.041 1.25957
994.046 1.24879
994.051 1.23846
994.055 1.22854
994.06 1.21902
994.064 1.20987
994.069 1.20106
994.073 1.19256
994.077 1.18437
994.081 1.17646
994.086 1.16881
994.09 1.16141
994.094 1.15425
994.098 1.1473
994.102 1.14056
994.106 1.13401
994.11 1.12763
994.114 1.12143
994.119 1.11538
994.123 1.10948
994.127 1.10371
994.131 1.09807
994.135 1.09255
994.139 1.08713
994.143 1.08181
994.147 1.07657
994.151 1.07142
994.156 1.06633
994.16 1.0613
994.164 1.05633
994.168 1.0514
994.173 1.0465
994.177 1.04163
994.181 1.03678
994.185 1.03193
994.19 1.02709
994.194 1.02223
994.199 1.01735
994.203 1.01243
994.207 1.00747
994.212 1.00245
994.217 0.99736
994.221 0.992186
994.226 0.986915
994.231 0.981533
994.235 0.976024
994.24 0.970375
994.245 0.964568
994.25 0.958588
994.255 0.952417
994.261 0.946038
994.266 0.939432
994.272 0.932583
994.277 0.925472
994.283 0.91808
994.289 0.910389
994.295 0.902381
994.301 0.894033
994.308 0.885323
994.314 0.876221
994.321 0.866691
994.329 0.856686
994.336 0.846157
994.344 0.835073
994.352 0.823491
994.36 0.811672
994.368 0.799987
994.376 0.788531
994.384 0.777293
994.391 0.766234
994.399 0.755317
994.406 0.744506
994.413 0.733774
994.42 0.723097
994.428 0.712457
994.435 0.701847
994.442 0.691253
994.45 0.680661
994.457 0.67006
994.465 0.659442
994.472 0.648802
994.48 0.63814
994.488 0.627465
994.495 0.6168
994.503 0.606183
994.511 0.595669
994.519 0.585341
994.527 0.575274
994.535 0.565512
994.543 0.556079
994.55 0.546983
994.558 0.538223
994.565 0.52979
994.573 0.521676
994.58 0.513871
994.587 0.506366
994.595 0.499153
994.602 0.492228
994.609 0.485592
994.616 0.479255
994.623 0.473242
994.63 0.467598
994.637 0.462377
994.644 0.457622
994.651 0.453342
994.657 0.449517
994.663 0.446112
994.668 0.443087
994.674 0.440408
994.679 0.438042
994.684 0.435962
994.689 0.434145
994.694 0.43257
994.699 0.431219
994.704 0.430078
994.708 0.429131
994.713 0.428368
994.717 0.427776
994.721 0.427347
994.726 0.42707
994.73 0.426938
994.734 0.426943
994.738 0.427077
994.742 0.427334
994.746 0.427708
994.75 0.428191
994.754 0.42878
994.758 0.429468
994.762 0.430248
994.766 0.431118
994.77 0.432069
994.774 0.433099
994.778 0.4342
994.782 0.435368
994.785 0.436597
994.789 0.437881
994.793 0.439213
994.797 0.440589
994.801 0.442001
994.805 0.443442
994.809 0.444907
994.813 0.446387
994.817 0.447875
994.821 0.449363
994.825 0.450844
994.829 0.45231
994.833 0.453751
994.837 0.455162
994.841 0.456533
994.845 0.457856
994.85 0.459126
994.854 0.460333
994.858 0.461471
994.862 0.462532
994.867 0.463511
994.871 0.464399
994.875 0.465189
994.88 0.465875
994.884 0.46645
994.889 0.466904
994.894 0.467231
994.898 0.467422
994.903 0.467468
994.908 0.46736
994.913 0.467086
994.918 0.466636
994.924 0.465999
994.929 0.465163
994.935 0.464113
994.94 0.462838
994.946 0.461324
994.952 0.459557
994.959 0.457523
994.965 0.455207
994.972 0.452589
994.979 0.449646
994.986 0.446346
994.994 0.442654
995.002 0.438551
995.01 0.434122
995.018 0.429591
995.026 0.425048
995.033 0.420502
995.041 0.415948
995.048 0.411378
995.055 0.406785
995.062 0.402165
995.069 0.397515
995.076 0.392831
995.083 0.388112
995.09 0.383361
995.097 0.378576
995.104 0.373754
995.111 0.368894
995.118 0.363993
995.125 0.359051
995.133 0.354067
995.14 0.349039
995.148 0.34397
995.155 0.338868
995.163 0.333745
995.171 0.328631
995.179 0.323566
995.187 0.318617
995.195 0.313836
995.203 0.30925
995.211 0.304872
995.219 0.300703
995.226 0.296741
995.233 0.292982
995.241 0.289423
995.248 0.286059
995.255 0.28289
995.262 0.279913
995.269 0.27713
995.276 0.274542
995.283 0.272153
995.29 0.269971
995.297 0.268006
995.304 0.266278
995.311 0.264808
995.317 0.263616
995.324 0.262701
995.33 0.262048
995.336 0.261631
995.341 0.261429
995.347 0.26142
995.352 0.261588
995.357 0.261917
995.362 0.262396
995.367 0.263013
995.371 0.26376
995.376 0.26463
995.38 0.265614
995.384 0.266707
995.389 0.267903
995.393 0.269197
995.397 0.270583
995.401 0.272058
995.405 0.273618
995.409 0.275258
995.412 0.276974
995.416 0.278763
995.42 0.280622
995.424 0.282547
995.428 0.284533
995.431 0.286579
995.435 0.28868
995.439 0.290834
995.442 0.293035
995.446 0.295281
995.45 0.297568
995.454 0.299891
995.457 0.302245
995.461 0.304626
995.465 0.307029
995.468 0.30945
995.472 0.311881
995.476 0.314319
995.48 0.316756
995.483 0.319187
995.487 0.321604
995.491 0.324002
995.495 0.326372
995.498 0.328708
995.502 0.331003
995.506 0.33325
995.51 0.335442
995.514 0.337573
995.518 0.339635
995.522 0.341624
995.526 0.343532
995.53 0.345355
995.534 0.347087
995.538 0.348722
995.542 0.350255
995.547 0.351681
995.551 0.352994
995.555 0.354187
995.56 0.355256
995.564 0.356194
995.569 0.356992
995.574 0.357645
995.578 0.358144
995.583 0.358479
995.588 0.358641
995.594 0.358619
995.599 0.358401
995.605 0.357976
995.61 0.357332
995.616 0.356457
995.623 0.355339
995.629 0.353966
995.635 0.352327
995.642 0.350404
995.649 0.348173
995.657 0.345602
995.665 0.342662
995.673 0.339423
995.681 0.336105
995.689 0.33278
995.696 0.329451
995.703 0.326114
995.71 0.322763
995.717 0.319394
995.723 0.316006
995.73 0.312596
995.737 0.309165
995.743 0.305711
995.75 0.302235
995.757 0.298739
995.763 0.295223
995.77 0.291686
995.777 0.288126
995.783 0.284544
995.79 0.280938
995.797 0.277306
995.804 0.273647
995.811 0.269959
995.819 0.26624
995.826 0.262488
995.834 0.258703
995.842 0.254892
995.85 0.251068
995.858 0.247266
995.866 0.243544
995.874 0.239973
995.882 0.236583
995.89 0.233381
995.898 0.230365
995.905 0.227528
995.912 0.224865
995.92 0.222369
995.927 0.220038
995.934 0.217869
995.94 0.21586
995.947 0.214013
995.954 0.212327
995.961 0.210805
995.967 0.209451
995.974 0.208268
995.981 0.207263
995.987 0.206445
995.994 0.205825
996.001 0.205416
996.007 0.205232
996.014 0.205276
996.02 0.205538
996.026 0.205994
996.031 0.206624
996.037 0.20741
996.042 0.208337
996.047 0.209393
996.051 0.21057
996.056 0.211858
996.061 0.213251
996.065 0.214744
996.069 0.216332
996.073 0.21801
996.077 0.219773
996.081 0.221619
996.085 0.223543
996.089 0.225543
996.093 0.227616
996.096 0.229757
996.1 0.231966
996.104 0.234239
996.107 0.236573
996.111 0.238965
996.114 0.241414
996.118 0.243916
996.122 0.246469
996.125 0.249071
996.128 0.251717
996.132 0.254405
996.135 0.257133
996.139 0.259897
996.142 0.262694
996.146 0.265519
996.149 0.268367
996.153 0.271236
996.156 0.27412
996.16 0.277016
996.163 0.279917
996.166 0.282818
996.17 0.285714
996.173 0.2886
996.177 0.291467
996.181 0.294312
996.184 0.297126
996.188 0.299903
996.191 0.302637
996.195 0.305321
996.199 0.30795
996.202 0.310516
996.206 0.313015
996.21 0.31544
996.214 0.317787
996.217 0.32005
996.221 0.322224
996.225 0.324305
996.229 0.326288
996.233 0.328167
996.237 0.329939
996.241 0.331598
996.245 0.333138
996.25 0.334555
996.254 0.335841
996.259 0.336991
996.263 0.337995
996.268 0.338847
996.273 0.339535
996.278 0.340049
996.283 0.340376
996.289 0.340503
996.294 0.340415
996.3 0.340099
996.306 0.339542
996.312 0.338736
996.319 0.337671
996.326 0.336337
996.333 0.334719
996.34 0.332795
996.348 0.330546
996.355 0.328038
996.363 0.32544
996.37 0.322805
996.377 0.320142
996.384 0.317453
996.39 0.314737
996.397 0.311993
996.403 0.309222
996.41 0.306425
996.416 0.303601
996.422 0.300752
996.428 0.297878
996.435 0.29498
996.441 0.29206
996.447 0.289118
996.453 0.286155
996.46 0.283171
996.466 0.280164
996.473 0.277135
996.479 0.274083
996.486 0.271006
996.492 0.267905
996.499 0.264776
996.506 0.261618
996.513 0.258427
996.52 0.255201
996.527 0.251934
996.535 0.248622
996.543 0.24526
996.551 0.241847
996.559 0.238394
996.567 0.234938
996.576 0.231571
996.584 0.228371
996.592 0.225355
996.6 0.22252
996.608 0.219853
996.615 0.217345
996.622 0.214986
996.629 0.212773
996.636 0.2107
996.643 0.208765
996.65 0.206967
996.657 0.205307
996.663 0.203786
996.67 0.202403
996.676 0.201163
996.682 0.200067
996.689 0.199119
996.695 0.198322
996.701 0.197681
996.707 0.197203
996.713 0.196894
996.719 0.196763
996.725 0.196824
996.732 0.197088
996.738 0.19757
996.744 0.198277
996.75 0.199199
996.755 0.200312
996.761 0.201587
996.766 0.203006
996.771 0.204553
996.776 0.206219
996.78 0.207995
996.784 0.209876
996.789 0.211856
996.793 0.213932
996.797 0.216099
996.801 0.218355
996.804 0.220696
996.808 0.22312
996.812 0.225625
996.815 0.228207
996.819 0.230865
996.822 0.233596
996.826 0.236399
996.829 0.239272
996.832 0.242212
996.836 0.245217
996.839 0.248287
996.842 0.251417
996.845 0.254608
996.849 0.257856
996.852 0.261159
996.855 0.264515
996.858 0.267922
996.861 0.271378
996.864 0.274879
996.868 0.278423
996.871 0.282006
996.874 0.285624
996.877 0.289275
996.88 0.292952
996.883 0.296654
996.886 0.300375
996.89 0.30411
996.893 0.307855
996.896 0.311604
996.899 0.315351
996.902 0.319091
996.906 0.322817
996.909 0.326523
996.912 0.330203
996.916 0.333851
996.919 0.33746
996.922 0.341025
996.926 0.344539
996.929 0.347998
996.932 0.351395
996.936 0.354726
996.939 0.357986
996.943 0.361171
996.947 0.364275
996.95 0.367296
996.954 0.370228
996.958 0.373068
996.961 0.375812
996.965 0.378455
996.969 0.380993
996.973 0.38342
996.978 0.385732
996.982 0.387922
996.986 0.389983
996.991 0.391907
996.996 0.393683
997.001 0.395298
997.006 0.396733
997.012 0.397966
997.018 0.398969
997.024 0.399718
997.03 0.400196
997.036 0.4004
997.042 0.400334
997.049 0.399998
997.056 0.399393
997.062 0.398516
997.069 0.397378
997.076 0.396027
997.083 0.394518
997.089 0.392884
997.096 0.391148
997.102 0.389324
997.108 0.387421
997.114 0.385446
997.12 0.383405
997.126 0.381303
997.132 0.379143
997.138 0.37693
997.144 0.374665
997.149 0.372352
997.155 0.369992
997.161 0.36759
997.167 0.365145
997.173 0.362661
997.179 0.360136
997.184 0.357574
997.19 0.354973
997.196 0.352336
997.202 0.349662
997.209 0.346952
997.215 0.344205
997.221 0.341422
997.227 0.338602
997.234 0.335745
997.24 0.33285
997.247 0.329916
997.253 0.326941
997.26 0.323924
997.267 0.320863
997.274 0.317754
997.281 0.314593
997.289 0.311376
997.296 0.308097
997.304 0.304748
997.312 0.301319
997.321 0.297802
997.329 0.294191
997.338 0.290505
997.348 0.286812
997.357 0.283243
997.365 0.279849
997.374 0.276627
997.382 0.273564
997.39 0.270645
997.398 0.267858
997.406 0.265194
997.413 0.262646
997.421 0.260209
997.428 0.25788
997.435 0.255656
997.442 0.253535
997.449 0.251517
997.455 0.249601
997.462 0.247789
997.469 0.246081
997.475 0.244478
997.481 0.242981
997.488 0.241594
997.494 0.240316
997.5 0.239152
997.506 0.238103
997.512 0.237172
997.517 0.236362
997.523 0.235676
997.529 0.235117
997.534 0.234689
997.54 0.234396
997.545 0.234243
997.55 0.234235
997.556 0.234378
997.561 0.23468
997.566 0.23515
997.571 0.235797
997.576 0.236635
997.581 0.237679
997.587 0.238945
997.592 0.240451
997.597 0.242212
997.602 0.244219
997.607 0.246443
997.612 0.248843
997.616 0.251388
997.62 0.254059
997.625 0.256845
997.629 0.259742
997.632 0.262745
997.636 0.265851
997.64 0.26906
997.643 0.272368
997.646 0.275776
997.65 0.279281
997.653 0.282883
997.656 0.286581
997.659 0.290372
997.662 0.294257
997.665 0.298235
997.668 0.302304
997.671 0.306463
997.674 0.310712
997.677 0.315049
997.68 0.319474
997.682 0.323986
997.685 0.328584
997.688 0.333266
997.691 0.338031
997.693 0.342879
997.696 0.347808
997.699 0.352816
997.702 0.357903
997.704 0.363066
997.707 0.368304
997.71 0.373616
997.712 0.378997
997.715 0.384445
997.718 0.389958
997.72 0.395531
997.723 0.401163
997.726 0.406849
997.728 0.412587
997.731 0.418371
997.734 0.424199
997.736 0.430064
997.739 0.435963
997.742 0.441891
997.745 0.447843
997.748 0.453813
997.75 0.459797
997.753 0.46579
997.756 0.471786
997.759 0.477782
997.762 0.483773
997.765 0.489754
997.768 0.495723
997.771 0.501677
997.774 0.507612
997.777 0.513528
997.78 0.519422
997.783 0.525293
997.786 0.531142
997.79 0.536969
997.793 0.542775
997.796 0.548563
997.8 0.554338
997.804 0.560104
997.807 0.56587
997.811 0.571648
997.815 0.577453
997.82 0.583309
997.824 0.589251
997.829 0.595329
997.835 0.601578
997.84 0.607827
997.846 0.613564
997.851 0.618772
997.857 0.623562
997.862 0.628011
997.867 0.632168
997.873 0.636064
997.878 0.639726
997.883 0.643172
997.889 0.64641
997.894 0.649441
997.9 0.652259
997.906 0.654856
997.911 0.657227
997.917 0.659377
997.922 0.661321
997.928 0.663075
997.933 0.664654
997.939 0.666073
997.944 0.667345
997.949 0.668481
997.955 0.669493
997.96 0.670389
997.965 0.671177
997.97 0.671863
997.976 0.672455
997.981 0.672958
997.986 0.673376
997.992 0.673715
997.997 0.673979
