989.001 0.32823
989.019 0.339885
989.037 0.351235
989.055 0.361453
989.073 0.369853
989.091 0.375959
989.109 0.379531
989.127 0.380546
989.145 0.379144
989.163 0.375576
989.181 0.370147
989.199 0.363178
989.217 0.354981
989.235 0.34584
989.253 0.336007
989.271 0.325701
989.289 0.315109
989.307 0.304392
989.325 0.293686
989.343 0.283106
989.361 0.272754
989.379 0.262719
989.397 0.253086
989.415 0.243933
989.433 0.235344
989.451 0.227405
989.469 0.220217
989.488 0.213897
989.506 0.208583
989.524 0.204443
989.542 0.201673
989.56 0.200502
989.578 0.20118
989.596 0.203962
989.614 0.209072
989.632 0.216653
989.65 0.2267
989.668 0.23899
989.686 0.25304
989.704 0.268103
989.722 0.283243
989.74 0.297466
989.758 0.309873
989.776 0.319796
989.794 0.326861
989.812 0.330985
989.83 0.332319
989.848 0.331165
989.866 0.327901
989.884 0.32292
989.902 0.316595
989.92 0.309253
989.938 0.301177
989.956 0.292598
989.974 0.283706
989.992 0.274653
990.01 0.265562
990.028 0.256531
990.046 0.247639
990.064 0.238949
990.082 0.230517
990.1 0.222387
990.118 0.214603
990.137 0.207206
990.155 0.20024
990.173 0.193756
990.191 0.187815
990.209 0.182496
990.227 0.1779
990.245 0.174158
990.263 0.171439
990.281 0.16996
990.299 0.16999
990.317 0.171852
990.335 0.175915
990.353 0.18256
990.371 0.19213
990.389 0.204836
990.407 0.220644
990.425 0.239172
990.443 0.259625
990.461 0.280849
990.479 0.301491
990.497 0.320249
990.515 0.336099
990.533 0.348436
990.551 0.357083
990.569 0.362207
990.587 0.364197
990.605 0.36354
990.623 0.360735
990.641 0.356246
990.659 0.350469
990.677 0.343734
990.695 0.336309
990.713 0.328405
990.731 0.32019
990.749 0.311796
990.768 0.303325
990.786 0.294859
990.804 0.286459
990.822 0.278176
990.84 0.270047
990.858 0.2621
990.876 0.254357
990.894 0.246833
990.912 0.23954
990.93 0.232485
990.948 0.225671
990.966 0.219101
990.984 0.212774
991.002 0.206687
991.02 0.200838
991.038 0.195224
991.056 0.189838
991.074 0.184677
991.092 0.179734
991.11 0.175005
991.128 0.170483
991.146 0.166164
991.164 0.162043
991.182 0.158115
991.2 0.154378
991.218 0.15083
991.236 0.147473
991.254 0.144308
991.272 0.141346
991.29 0.1386
991.308 0.136095
991.326 0.13387
991.344 0.131981
991.362 0.130518
991.38 0.129609
991.398 0.129447
991.417 0.130309
991.435 0.132591
991.453 0.136853
991.471 0.143854
991.489 0.154587
991.507 0.17026
991.525 0.192185
991.543 0.22152
991.561 0.258831
991.579 0.303604
991.597 0.353944
991.615 0.406796
991.633 0.458701
991.651 0.506724
991.669 0.549068
991.687 0.585134
991.705 0.615206
991.723 0.640041
991.741 0.66054
991.759 0.677562
991.777 0.691848
991.795 0.703999
991.813 0.7145
991.831 0.723739
991.849 0.732031
991.867 0.739645
991.885 0.746815
991.903 0.753752
991.921 0.760658
991.939 0.76773
991.957 0.775168
991.975 0.783177
991.993 0.791972
992.011 0.801782
992.029 0.812845
992.048 0.825408
992.066 0.839722
992.084 0.856028
992.102 0.874546
992.12 0.895451
992.138 0.918853
992.156 0.944779
992.174 0.973151
992.192 1.00379
992.21 1.0364
992.228 1.07064
992.246 1.10608
992.264 1.14232
992.282 1.17895
992.3 1.21564
992.318 1.2521
992.336 1.28814
992.354 1.32361
992.372 1.35844
992.39 1.39259
992.408 1.42607
992.426 1.45891
992.444 1.49117
992.462 1.5229
992.48 1.5542
992.498 1.58514
992.516 1.61582
992.534 1.64634
992.552 1.67683
992.57 1.70742
992.588 1.73823
992.606 1.76944
992.624 1.80122
992.642 1.83378
992.66 1.86732
992.679 1.90208
992.697 1.93832
992.715 1.97629
992.733 2.01622
992.751 2.05831
992.769 2.1027
992.787 2.14944
992.805 2.19845
992.823 2.24953
992.841 2.30232
992.859 2.35635
992.877 2.41104
992.895 2.46578
992.913 2.51994
992.931 2.57292
992.949 2.62421
992.967 2.67334
992.985 2.71995
993.003 2.76374
993.021 2.80447
993.039 2.84198
993.057 2.87611
993.075 2.90676
993.093 2.93386
993.111 2.95736
993.129 2.97722
993.147 2.99344
993.165 3.00605
993.183 3.01507
993.201 3.02059
993.219 3.0227
993.237 3.02152
993.255 3.01723
993.273 3.01003
993.291 3.00014
993.309 2.98785
993.328 2.97345
993.346 2.95729
993.364 2.9397
993.382 2.92102
993.4 2.90155
993.418 2.88152
993.436 2.86108
993.454 2.84022
993.472 2.81882
993.49 2.79658
993.508 2.77312
993.526 2.74797
993.544 2.72064
993.562 2.69072
993.58 2.65784
993.598 2.62177
993.616 2.58239
993.634 2.53969
993.652 2.49377
993.67 2.44478
993.688 2.39295
993.706 2.33855
993.724 2.28186
993.742 2.22319
993.76 2.16288
993.778 2.10123
993.796 2.0386
993.814 1.97529
993.832 1.91165
993.85 1.848
993.868 1.78468
993.886 1.722
993.904 1.66031
993.922 1.59994
993.94 1.54123
993.959 1.48453
993.977 1.43018
993.995 1.37853
994.013 1.32991
994.031 1.2846
994.049 1.24286
994.067 1.2048
994.085 1.17046
994.103 1.13969
994.121 1.11218
994.139 1.08746
994.157 1.06492
994.175 1.04388
994.193 1.02367
994.211 1.00367
994.229 0.983402
994.247 0.962496
994.265 0.940738
994.283 0.918037
994.301 0.8944
994.319 0.869904
994.337 0.844676
994.355 0.818869
994.373 0.792651
994.391 0.766193
994.409 0.739665
994.427 0.71323
994.445 0.687047
994.463 0.661268
994.481 0.636038
994.499 0.6115
994.517 0.587795
994.535 0.565064
994.553 0.543455
994.571 0.523121
994.589 0.504226
994.608 0.486947
994.626 0.471475
994.644 0.458009
994.662 0.446753
994.68 0.437897
994.698 0.431598
994.716 0.427949
994.734 0.426938
994.752 0.428415
994.77 0.43206
994.788 0.437385
994.806 0.443752
994.824 0.450442
994.842 0.456725
994.86 0.461949
994.878 0.465602
994.896 0.467347
994.914 0.46702
994.932 0.464612
994.95 0.460229
994.968 0.454055
994.986 0.446318
995.004 0.437261
995.022 0.427131
995.04 0.416162
995.058 0.404569
995.076 0.39255
995.094 0.380286
995.112 0.367937
995.13 0.355651
995.148 0.343563
995.166 0.331799
995.184 0.320481
995.202 0.30973
995.22 0.299671
995.239 0.290434
995.257 0.282163
995.275 0.275017
995.293 0.269172
995.311 0.264821
995.329 0.262169
995.347 0.261418
995.365 0.262751
995.383 0.266291
995.401 0.272067
995.419 0.279961
995.437 0.289676
995.455 0.30072
995.473 0.31243
995.491 0.324041
995.509 0.334783
995.527 0.34398
995.545 0.35113
995.563 0.355945
995.581 0.358341
995.599 0.358404
995.617 0.356339
995.635 0.352417
995.653 0.346937
995.671 0.340196
995.689 0.33247
995.707 0.324007
995.725 0.315023
995.743 0.305705
995.761 0.296211
995.779 0.286678
995.797 0.277224
995.815 0.267949
995.833 0.258947
995.851 0.250303
995.87 0.242099
995.888 0.234422
995.906 0.227364
995.924 0.221029
995.942 0.215539
995.96 0.211035
995.978 0.207688
995.996 0.205695
996.014 0.205278
996.032 0.206679
996.05 0.210132
996.068 0.215837
996.086 0.223903
996.104 0.23429
996.122 0.246753
996.14 0.260803
996.158 0.275722
996.176 0.290633
996.194 0.304623
996.212 0.316879
996.23 0.326799
996.248 0.334046
996.266 0.338542
996.284 0.340415
996.302 0.339932
996.32 0.337426
996.338 0.333252
996.356 0.327747
996.374 0.321214
996.392 0.313916
996.41 0.306072
996.428 0.297866
996.446 0.289449
996.464 0.280944
996.482 0.272453
996.5 0.264062
996.519 0.255843
996.537 0.24786
996.555 0.240172
996.573 0.232836
996.591 0.225912
996.609 0.219466
996.627 0.213578
996.645 0.208341
996.663 0.203875
996.681 0.200329
996.699 0.197891
996.717 0.196794
996.735 0.197321
996.753 0.199798
996.771 0.204583
996.789 0.212027
996.807 0.222413
996.825 0.235875
996.843 0.252289
996.861 0.271199
996.879 0.291788
996.897 0.31295
996.915 0.33345
996.933 0.35214
996.951 0.368134
996.969 0.380912
996.987 0.390314
997.005 0.396466
997.023 0.399682
997.041 0.400363
997.059 0.39893
997.077 0.395782
997.095 0.391269
997.113 0.385691
997.131 0.379298
997.15 0.372294
997.168 0.364847
997.186 0.357094
997.204 0.349146
997.222 0.341094
997.24 0.333013
997.258 0.324964
997.276 0.316997
997.294 0.309155
997.312 0.301474
997.33 0.293985
997.348 0.286716
997.366 0.279695
997.384 0.272949
997.402 0.26651
997.42 0.260414
997.438 0.25471
997.456 0.249459
997.474 0.244744
997.492 0.24068
997.51 0.23742
997.528 0.235176
997.546 0.23423
997.564 0.234958
997.582 0.237847
997.6 0.243503
997.618 0.252641
997.636 0.266031
997.654 0.284385
997.672 0.308173
997.69 0.337389
997.708 0.371345
997.726 0.408624
997.744 0.447262
997.762 0.48514
997.78 0.52043
997.799 0.551886
997.817 0.578922
997.835 0.601496
997.853 0.619919
997.871 0.634675
997.889 0.646295
997.907 0.655281
997.925 0.662075
997.943 0.667052
997.961 0.670527
997.979 0.672762
997.997 0.673979
