s x_s y_s F_val G_val
0 2.5 1.5 0.19635 0.196344
0.01 2.49995 1.51 0.193981 0.193976
0.02 2.4998 1.52 0.191664 0.19166
0.03 2.49955 1.53 0.189399 0.189394
0.04 2.4992 1.53999 0.187183 0.187179
0.05 2.49875 1.54998 0.185017 0.185013
0.06 2.4982 1.55996 0.182899 0.182895
0.07 2.49755 1.56994 0.180828 0.180825
0.08 2.4968 1.57991 0.178804 0.178801
0.09 2.49595 1.58988 0.176825 0.176823
0.1 2.495 1.59983 0.174892 0.17489
0.11 2.49396 1.60978 0.173002 0.173
0.12 2.49281 1.61971 0.171156 0.171154
0.13 2.49156 1.62963 0.169353 0.169351
0.14 2.49022 1.63954 0.167591 0.167589
0.15 2.48877 1.64944 0.16587 0.165869
0.16 2.48723 1.65932 0.16419 0.164189
0.17 2.48558 1.66918 0.162549 0.162548
0.18 2.48384 1.67903 0.160948 0.160947
0.19 2.482 1.68886 0.159385 0.159384
0.2 2.48007 1.69867 0.157859 0.157858
0.21 2.47803 1.70846 0.156371 0.15637
0.22 2.4759 1.71823 0.154919 0.154918
0.23 2.47367 1.72798 0.153502 0.153502
0.24 2.47134 1.7377 0.152121 0.152121
0.25 2.46891 1.7474 0.150775 0.150775
0.26 2.46639 1.75708 0.149463 0.149462
0.27 2.46377 1.76673 0.148184 0.148184
0.28 2.46106 1.77636 0.146938 0.146938
0.29 2.45824 1.78595 0.145725 0.145725
0.3 2.45534 1.79552 0.144543 0.144543
0.31 2.45233 1.80506 0.143394 0.143393
0.32 2.44924 1.81457 0.142275 0.142275
0.33 2.44604 1.82404 0.141186 0.141186
0.34 2.44275 1.83349 0.140128 0.140128
0.35 2.43937 1.8429 0.139099 0.139099
0.36 2.4359 1.85227 0.1381 0.1381
0.37 2.43233 1.86162 0.137129 0.137129
0.38 2.42866 1.87092 0.136186 0.136186
0.39 2.42491 1.88019 0.135272 0.135272
0.4 2.42106 1.88942 0.134385 0.134385
0.41 2.41712 1.89861 0.133525 0.133525
0.42 2.41309 1.90776 0.132692 0.132692
0.43 2.40897 1.91687 0.131886 0.131886
0.44 2.40475 1.92594 0.131106 0.131106
0.45 2.40045 1.93497 0.130351 0.130351
0.46 2.39605 1.94395 0.129622 0.129622
0.47 2.39157 1.95289 0.128918 0.128918
0.48 2.38699 1.96178 0.128239 0.128239
0.49 2.38233 1.97063 0.127585 0.127585
0.5 2.37758 1.97943 0.126955 0.126955
0.51 2.37274 1.98818 0.126349 0.126349
0.52 2.36782 1.99688 0.125767 0.125767
0.53 2.36281 2.00553 0.125209 0.125209
0.54 2.35771 2.01414 0.124673 0.124673
0.55 2.35252 2.02269 0.124161 0.124161
0.56 2.34726 2.03119 0.123672 0.123672
0.57 2.3419 2.03963 0.123206 0.123206
0.58 2.33646 2.04802 0.122761 0.122762
0.59 2.33094 2.05636 0.12234 0.12234
0.6 2.32534 2.06464 0.12194 0.12194
0.61 2.31965 2.07287 0.121562 0.121563
0.62 2.31388 2.08104 0.121207 0.121207
0.63 2.30803 2.08914 0.120872 0.120872
0.64 2.3021 2.0972 0.12056 0.12056
0.65 2.29608 2.10519 0.120268 0.120268
0.66 2.28999 2.11312 0.119998 0.119998
0.67 2.28382 2.12099 0.119749 0.119749
0.68 2.27757 2.12879 0.119522 0.119522
0.69 2.27125 2.13654 0.119315 0.119315
0.7 2.26484 2.14422 0.119129 0.119129
0.71 2.25836 2.15183 0.118963 0.118963
0.72 2.25181 2.15938 0.118819 0.118819
0.73 2.24517 2.16687 0.118695 0.118695
0.74 2.23847 2.17429 0.118591 0.118591
0.75 2.23169 2.18164 0.118509 0.118509
0.76 2.22484 2.18892 0.118446 0.118446
0.77 2.21791 2.19614 0.118405 0.118405
0.78 2.21091 2.20328 0.118383 0.118383
0.79 2.20385 2.21035 0.118383 0.118383
0.8 2.19671 2.21736 0.118402 0.118402
0.81 2.1895 2.22429 0.118442 0.118442
0.82 2.18222 2.23115 0.118503 0.118503
0.83 2.17488 2.23793 0.118584 0.118584
0.84 2.16746 2.24464 0.118686 0.118686
0.85 2.15998 2.25128 0.118808 0.118808
0.86 2.15244 2.25784 0.118951 0.118951
0.87 2.14483 2.26433 0.119115 0.119115
0.88 2.13715 2.27074 0.119299 0.119299
0.89 2.12941 2.27707 0.119504 0.119504
0.9 2.12161 2.28333 0.119731 0.119731
0.91 2.11375 2.2895 0.119978 0.119978
0.92 2.10582 2.2956 0.120246 0.120246
0.93 2.09783 2.30162 0.120536 0.120536
0.94 2.08979 2.30756 0.120847 0.120847
0.95 2.08168 2.31342 0.121179 0.121179
0.96 2.07352 2.31919 0.121533 0.121533
0.97 2.0653 2.32489 0.121909 0.121909
0.98 2.05702 2.3305 0.122307 0.122307
0.99 2.04869 2.33603 0.122727 0.122727
1 2.0403 2.34147 0.123169 0.123169
1.01 2.03186 2.34683 0.123634 0.123634
1.02 2.02337 2.35211 0.124121 0.124122
1.03 2.01482 2.3573 0.124632 0.124632
1.04 2.00622 2.3624 0.125165 0.125165
1.05 1.99757 2.36742 0.125722 0.125722
1.06 1.98887 2.37236 0.126302 0.126302
1.07 1.98012 2.3772 0.126906 0.126906
1.08 1.97133 2.38196 0.127534 0.127534
1.09 1.96249 2.38663 0.128186 0.128186
1.1 1.9536 2.39121 0.128863 0.128863
1.11 1.94466 2.3957 0.129565 0.129565
1.12 1.93568 2.4001 0.130292 0.130292
1.13 1.92666 2.40441 0.131045 0.131045
1.14 1.91759 2.40863 0.131823 0.131823
1.15 1.90849 2.41276 0.132627 0.132627
1.16 1.89934 2.4168 0.133458 0.133458
1.17 1.89015 2.42075 0.134316 0.134316
1.18 1.88092 2.42461 0.1352 0.1352
1.19 1.87166 2.42837 0.136113 0.136113
1.2 1.86236 2.43204 0.137053 0.137053
1.21 1.85302 2.43562 0.138021 0.138021
1.22 1.84365 2.4391 0.139019 0.139018
1.23 1.83424 2.44249 0.140045 0.140045
1.24 1.8248 2.44578 0.141101 0.141101
1.25 1.81532 2.44898 0.142187 0.142187
1.26 1.80582 2.45209 0.143303 0.143303
1.27 1.79628 2.4551 0.144451 0.144451
1.28 1.78672 2.45802 0.14563 0.145629
1.29 1.77712 2.46084 0.14684 0.14684
1.3 1.7675 2.46356 0.148083 0.148083
1.31 1.75785 2.46618 0.14936 0.149359
1.32 1.74818 2.46872 0.150669 0.150669
1.33 1.73848 2.47115 0.152013 0.152012
1.34 1.72875 2.47348 0.153391 0.153391
1.35 1.71901 2.47572 0.154804 0.154804
1.36 1.70924 2.47786 0.156254 0.156253
1.37 1.69945 2.47991 0.157739 0.157739
1.38 1.68964 2.48185 0.159262 0.159261
1.39 1.67981 2.4837 0.160822 0.160821
1.4 1.66997 2.48545 0.16242 0.162419
1.41 1.6601 2.4871 0.164058 0.164057
1.42 1.65023 2.48865 0.165735 0.165734
1.43 1.64033 2.4901 0.167452 0.167451
1.44 1.63042 2.49146 0.169211 0.169209
1.45 1.6205 2.49271 0.171011 0.171009
1.46 1.61057 2.49387 0.172854 0.172852
1.47 1.60063 2.49492 0.17474 0.174737
1.48 1.59067 2.49588 0.17667 0.176667
1.49 1.58071 2.49674 0.178645 0.178642
1.5 1.57074 2.49749 0.180665 0.180662
1.51 1.56076 2.49815 0.182732 0.182729
1.52 1.55077 2.49871 0.184846 0.184843
1.53 1.54079 2.49917 0.187009 0.187005
1.54 1.53079 2.49953 0.189221 0.189216
1.55 1.52079 2.49978 0.191482 0.191477
1.56 1.5108 2.49994 0.193795 0.193789
1.57 1.5008 2.5 0.196159 0.196153
1.58 1.4908 2.49996 0.198576 0.19857
1.59 1.4808 2.49982 0.201047 0.20104
1.6 1.4708 2.49957 0.203572 0.203565
1.61 1.46081 2.49923 0.206154 0.206145
1.62 1.45082 2.49879 0.208792 0.208782
1.63 1.44083 2.49825 0.211488 0.211477
1.64 1.43085 2.49761 0.214242 0.214231
1.65 1.42088 2.49687 0.217057 0.217044
1.66 1.41091 2.49602 0.219933 0.219919
1.67 1.40096 2.49508 0.22287 0.222855
1.68 1.39101 2.49404 0.225871 0.225855
1.69 1.38108 2.4929 0.228937 0.228918
1.7 1.37116 2.49166 0.232068 0.232048
1.71 1.36125 2.49033 0.235266 0.235244
1.72 1.35135 2.48889 0.238532 0.238508
1.73 1.34147 2.48735 0.241867 0.24184
1.74 1.3316 2.48572 0.245273 0.245243
1.75 1.32175 2.48399 0.24875 0.248718
1.76 1.31192 2.48215 0.252301 0.252265
1.77 1.30211 2.48022 0.255926 0.255887
1.78 1.29232 2.4782 0.259626 0.259583
1.79 1.28255 2.47607 0.263403 0.263357
1.8 1.2728 2.47385 0.267259 0.267208
1.81 1.26307 2.47153 0.271194 0.271139
1.82 1.25337 2.46911 0.275211 0.27515
1.83 1.24369 2.46659 0.279309 0.279243
1.84 1.23404 2.46398 0.283492 0.28342
1.85 1.22441 2.46128 0.28776 0.287681
1.86 1.21481 2.45847 0.292115 0.292028
1.87 1.20524 2.45557 0.296557 0.296463
1.88 1.1957 2.45258 0.30109 0.300987
1.89 1.18619 2.44949 0.305713 0.305601
1.9 1.17671 2.4463 0.310429 0.310307
1.91 1.16726 2.44302 0.315239 0.315106
1.92 1.15785 2.43965 0.320145 0.32
1.93 1.14847 2.43618 0.325148 0.32499
1.94 1.13913 2.43262 0.330249 0.330078
1.95 1.12982 2.42896 0.335451 0.335264
1.96 1.12055 2.42521 0.340754 0.340551
1.97 1.11132 2.42137 0.34616 0.34594
1.98 1.10212 2.41744 0.351671 0.351432
1.99 1.09297 2.41341 0.357288 0.357029
2 1.08385 2.4093 0.363013 0.362732
2.01 1.07478 2.40509 0.368848 0.368542
2.02 1.06575 2.40079 0.374793 0.374462
2.03 1.05677 2.39641 0.38085 0.380492
2.04 1.04782 2.39193 0.387022 0.386633
2.05 1.03893 2.38736 0.393309 0.392888
2.06 1.03008 2.38271 0.399712 0.399257
2.07 1.02127 2.37796 0.406234 0.405742
2.08 1.01252 2.37313 0.412876 0.412344
2.09 1.00381 2.36821 0.419639 0.419064
2.1 0.995154 2.36321 0.426524 -nan
2.11 0.986547 2.35812 0.433534 -nan
2.12 0.977992 2.35294 0.440669 -nan
2.13 0.969489 2.34768 0.447931 -nan
2.14 0.961039 2.34233 0.455321 -nan
2.15 0.952642 2.3369 0.46284 -nan
2.16 0.944301 2.33138 0.47049 -nan
2.17 0.936015 2.32578 0.478271 -nan
2.18 0.927785 2.3201 0.486186 -nan
2.19 0.919613 2.31434 0.494235 -nan
2.2 0.911499 2.3085 0.502418 -nan
2.21 0.903443 2.30257 0.510738 -nan
2.22 0.895448 2.29657 0.519195 -nan
2.23 0.887512 2.29048 0.527789 -nan
2.24 0.879638 2.28432 0.536522 -nan
2.25 0.871826 2.27807 0.545395 -nan
2.26 0.864077 2.27175 0.554408 -nan
2.27 0.856392 2.26535 0.563561 -nan
2.28 0.84877 2.25888 0.572855 -nan
2.29 0.841214 2.25233 0.582291 -nan
2.3 0.833724 2.24571 0.591869 -nan
2.31 0.8263 2.23901 0.601588 -nan
2.32 0.818944 2.23223 0.61145 -nan
2.33 0.811656 2.22538 0.621454 -nan
2.34 0.804437 2.21846 0.631599 -nan
2.35 0.797287 2.21147 0.641886 -nan
2.36 0.790207 2.20441 0.652314 -nan
2.37 0.783199 2.19728 0.662883 -nan
2.38 0.776262 2.19007 0.673592 -nan
2.39 0.769398 2.1828 0.68444 -nan
2.4 0.762606 2.17546 0.695426 -nan
2.41 0.755889 2.16806 0.706549 -nan
2.42 0.749245 2.16058 0.717808 -nan
2.43 0.742677 2.15304 0.729202 -nan
2.44 0.736185 2.14543 0.740728 -nan
2.45 0.729769 2.13776 0.752385 -nan
2.46 0.72343 2.13003 0.76417 -nan
2.47 0.717168 2.12223 0.776083 -nan
2.48 0.710985 2.11437 0.78812 -nan
2.49 0.704881 2.10645 0.800278 -nan
2.5 0.698856 2.09847 0.812556 -nan
2.51 0.692912 2.09043 0.824949 -nan
2.52 0.687048 2.08233 0.837455 -nan
2.53 0.681265 2.07417 0.850071 -nan
2.54 0.675565 2.06596 0.862792 -nan
2.55 0.669946 2.05768 0.875615 -nan
2.56 0.664411 2.04936 0.888536 -nan
2.57 0.65896 2.04097 0.90155 -nan
2.58 0.653592 2.03253 0.914652 -nan
2.59 0.648309 2.02404 0.927839 -nan
2.6 0.643111 2.0155 0.941105 -nan
2.61 0.637999 2.00691 0.954444 -nan
2.62 0.632973 1.99826 0.967852 -nan
2.63 0.628034 1.98957 0.981322 -nan
2.64 0.623182 1.98082 0.994848 -nan
2.65 0.618418 1.97203 1.00843 -nan
2.66 0.613742 1.96319 1.02205 -nan
2.67 0.609154 1.95431 1.0357 -nan
2.68 0.604656 1.94537 1.04939 -nan
2.69 0.600247 1.9364 1.0631 -nan
2.7 0.595928 1.92738 1.07683 -nan
2.71 0.591699 1.91832 1.09056 -nan
2.72 0.587562 1.90921 1.1043 -nan
2.73 0.583515 1.90007 1.11803 -nan
2.74 0.57956 1.89088 1.13174 -nan
2.75 0.575698 1.88166 1.14543 -nan
2.76 0.571927 1.8724 1.15909 -nan
2.77 0.56825 1.8631 1.1727 -nan
2.78 0.564665 1.85376 1.18627 -nan
2.79 0.561175 1.84439 1.19978 -nan
2.8 0.557778 1.83499 1.21323 -nan
2.81 0.554475 1.82555 1.22659 -nan
2.82 0.551267 1.81608 1.23988 -nan
2.83 0.548153 1.80657 1.25307 -nan
2.84 0.545135 1.79704 1.26616 -nan
2.85 0.542213 1.78748 1.27914 -nan
2.86 0.539386 1.77789 1.292 -nan
2.87 0.536655 1.76827 1.30473 -nan
2.88 0.534021 1.75862 1.31732 -nan
2.89 0.531483 1.74895 1.32977 -nan
2.9 0.529042 1.73925 1.34206 -nan
2.91 0.526698 1.72953 1.35419 -nan
2.92 0.524451 1.71978 1.36615 -nan
2.93 0.522302 1.71002 1.37793 -nan
2.94 0.520251 1.70023 1.38952 -nan
2.95 0.518298 1.69042 1.40091 -nan
2.96 0.516443 1.6806 1.4121 -nan
2.97 0.514686 1.67075 1.42307 -nan
2.98 0.513028 1.66089 1.43383 -nan
2.99 0.511468 1.65101 1.44435 -nan
3 0.510008 1.64112 1.45464 -nan
3.01 0.508646 1.63121 1.46468 -nan
3.02 0.507383 1.62129 1.47446 -nan
3.03 0.50622 1.61136 1.48399 -nan
3.04 0.505156 1.60142 1.49325 -nan
3.05 0.504192 1.59146 1.50224 -nan
3.06 0.503327 1.5815 1.51094 -nan
3.07 0.502562 1.57153 1.51936 -nan
3.08 0.501896 1.56155 1.52749 -nan
3.09 0.501331 1.55157 1.53531 -nan
3.1 0.500865 1.54158 1.54284 -nan
3.11 0.500499 1.53159 1.55005 -nan
3.12 0.500233 1.52159 1.55696 -nan
3.13 0.500067 1.51159 1.56355 -nan
3.14 0.500001 1.50159 1.56983 -nan
3.15 0.500035 1.49159 1.57579 -nan
3.16 0.500169 1.48159 1.58143 -nan
3.17 0.500403 1.4716 1.58676 -nan
3.18 0.500737 1.4616 1.59177 -nan
3.19 0.501171 1.45161 1.59647 -nan
3.2 0.501705 1.44163 1.60085 -nan
3.21 0.502339 1.43165 1.60493 -nan
3.22 0.503072 1.42167 1.60871 -nan
3.23 0.503905 1.41171 1.61219 -nan
3.24 0.504838 1.40175 1.61537 -nan
3.25 0.50587 1.3918 1.61827 -nan
3.26 0.507002 1.38187 1.62088 -nan
3.27 0.508233 1.37195 1.62322 -nan
3.28 0.509563 1.36203 1.62529 -nan
3.29 0.510992 1.35214 1.62709 -nan
3.3 0.51252 1.34225 1.62863 -nan
3.31 0.514147 1.33239 1.62993 -nan
3.32 0.515872 1.32254 1.63098 -nan
3.33 0.517696 1.31271 1.63179 -nan
3.34 0.519618 1.30289 1.63238 -nan
3.35 0.521638 1.2931 1.63275 -nan
3.36 0.523756 1.28332 1.6329 -nan
3.37 0.525972 1.27357 1.63284 -nan
3.38 0.528285 1.26384 1.63259 -nan
3.39 0.530695 1.25414 1.63214 -nan
3.4 0.533202 1.24446 1.63152 -nan
3.41 0.535806 1.2348 1.63071 -nan
3.42 0.538506 1.22518 1.62975 -nan
3.43 0.541302 1.21557 1.62862 -nan
3.44 0.544194 1.206 1.62734 -nan
3.45 0.547182 1.19646 1.62592 -nan
3.46 0.550265 1.18695 1.62437 -nan
3.47 0.553443 1.17746 1.62269 -nan
3.48 0.556715 1.16801 1.6209 -nan
3.49 0.560082 1.1586 1.619 -nan
3.5 0.563543 1.14922 1.617 -nan
3.51 0.567098 1.13987 1.61491 -nan
3.52 0.570746 1.13056 1.61274 -nan
3.53 0.574487 1.12129 1.61049 -nan
3.54 0.57832 1.11205 1.60819 -nan
3.55 0.582245 1.10285 1.60582 -nan
3.56 0.586263 1.09369 1.60341 -nan
3.57 0.590371 1.08458 1.60096 -nan
3.58 0.594571 1.0755 1.59848 -nan
3.59 0.598861 1.06647 1.59598 -nan
3.6 0.603242 1.05748 1.59346 -nan
3.61 0.607712 1.04853 1.59093 -nan
3.62 0.612271 1.03963 1.5884 -nan
3.63 0.616919 1.03078 1.58588 -nan
3.64 0.621655 1.02197 1.58337 -nan
3.65 0.626479 1.01321 1.58088 -nan
3.66 0.631391 1.0045 1.57843 -nan
3.67 0.636389 0.995841 1.576 -nan
3.68 0.641474 0.987231 1.57362 -nan
3.69 0.646644 0.978671 1.57128 -nan
3.7 0.6519 0.970164 1.56899 -nan
3.71 0.657241 0.961709 1.56677 -nan
3.72 0.662666 0.953309 1.5646 -nan
3.73 0.668174 0.944963 1.56251 -nan
3.74 0.673766 0.936673 1.56048 -nan
3.75 0.679441 0.928439 1.55854 -nan
3.76 0.685197 0.920262 1.55668 -nan
3.77 0.691035 0.912143 1.5549 -nan
3.78 0.696954 0.904083 1.55321 -nan
3.79 0.702953 0.896082 1.55162 -nan
3.8 0.709032 0.888142 1.55013 -nan
3.81 0.71519 0.880263 1.54874 -nan
3.82 0.721427 0.872446 1.54745 -nan
3.83 0.727741 0.864692 1.54626 -nan
3.84 0.734133 0.857001 1.54519 -nan
3.85 0.740601 0.849375 1.54423 -nan
3.86 0.747145 0.841814 1.54337 -nan
3.87 0.753764 0.834318 1.54264 -nan
3.88 0.760458 0.826889 1.54202 -nan
3.89 0.767226 0.819527 1.54152 -nan
3.9 0.774068 0.812234 1.54113 -nan
3.91 0.780982 0.805009 1.54087 -nan
3.92 0.787967 0.797854 1.54073 -nan
3.93 0.795024 0.790769 1.5407 -nan
3.94 0.802152 0.783754 1.5408 -nan
3.95 0.809349 0.776812 1.54102 -nan
3.96 0.816615 0.769942 1.54135 -nan
3.97 0.82395 0.763144 1.54181 -nan
3.98 0.831352 0.756421 1.54238 -nan
3.99 0.838821 0.749772 1.54307 -nan
4 0.846356 0.743198 1.54387 -nan
4.01 0.853957 0.736699 1.54479 -nan
4.02 0.861622 0.730277 1.54582 -nan
4.03 0.869351 0.723932 1.54696 -nan
4.04 0.877143 0.717664 1.54821 -nan
4.05 0.884998 0.711475 1.54956 -nan
4.06 0.892913 0.705364 1.55102 -nan
4.07 0.90089 0.699333 1.55257 -nan
4.08 0.908927 0.693382 1.55422 -nan
4.09 0.917022 0.687512 1.55596 -nan
4.1 0.925176 0.681723 1.55779 -nan
4.11 0.933387 0.676016 1.5597 -nan
4.12 0.941655 0.670391 1.56169 -nan
4.13 0.949979 0.664849 1.56376 -nan
4.14 0.958358 0.659391 1.5659 -nan
4.15 0.966791 0.654016 1.5681 -nan
4.16 0.975278 0.648727 1.57036 -nan
4.17 0.983816 0.643522 1.57268 -nan
4.18 0.992407 0.638403 1.57505 -nan
4.19 1.00105 0.63337 1.57746 -nan
4.2 1.00974 0.628424 1.5799 -nan
4.21 1.01848 0.623565 1.58238 -nan
4.22 1.02727 0.618794 1.58488 -nan
4.23 1.0361 0.614111 1.58739 -nan
4.24 1.04499 0.609516 1.58992 -nan
4.25 1.05391 0.605011 1.59245 -nan
4.26 1.06288 0.600595 1.59497 -nan
4.27 1.0719 0.596268 1.59748 -nan
4.28 1.08096 0.592033 1.59998 -nan
4.29 1.09006 0.587888 1.60244 -nan
4.3 1.0992 0.583834 1.60487 -nan
4.31 1.10838 0.579872 1.60725 -nan
4.32 1.1176 0.576002 1.60958 -nan
4.33 1.12686 0.572224 1.61184 -nan
4.34 1.13616 0.568539 1.61404 -nan
4.35 1.14549 0.564947 1.61616 -nan
4.36 1.15486 0.561449 1.61819 -nan
4.37 1.16426 0.558045 1.62013 -nan
4.38 1.1737 0.554734 1.62196 -nan
4.39 1.18317 0.551519 1.62367 -nan
4.4 1.19267 0.548398 1.62527 -nan
4.41 1.2022 0.545372 1.62673 -nan
4.42 1.21176 0.542442 1.62805 -nan
4.43 1.22135 0.539608 1.62922 -nan
4.44 1.23097 0.536869 1.63023 -nan
4.45 1.24061 0.534227 1.63107 -nan
4.46 1.25028 0.531681 1.63174 -nan
4.47 1.25998 0.529233 1.63222 -nan
4.48 1.2697 0.526881 1.63251 -nan
4.49 1.27944 0.524627 1.6326 -nan
4.5 1.2892 0.52247 1.63248 -nan
4.51 1.29899 0.520411 1.63215 -nan
4.52 1.3088 0.51845 1.63158 -nan
4.53 1.31862 0.516587 1.63079 -nan
4.54 1.32846 0.514822 1.62976 -nan
4.55 1.33832 0.513156 1.62848 -nan
4.56 1.3482 0.511589 1.62695 -nan
4.57 1.35809 0.51012 1.62516 -nan
4.58 1.368 0.508751 1.6231 -nan
4.59 1.37792 0.50748 1.62078 -nan
4.6 1.38785 0.506309 1.61818 -nan
4.61 1.39779 0.505237 1.6153 -nan
4.62 1.40774 0.504265 1.61213 -nan
4.63 1.4177 0.503392 1.60868 -nan
4.64 1.42767 0.502619 1.60494 -nan
4.65 1.43765 0.501946 1.6009 -nan
4.66 1.44763 0.501372 1.59656 -nan
4.67 1.45762 0.500898 1.59193 -nan
4.68 1.46762 0.500524 1.58699 -nan
4.69 1.47761 0.500251 1.58175 -nan
4.7 1.48761 0.500077 1.57621 -nan
4.71 1.49761 0.500003 1.57037 -nan
4.72 1.50761 0.500029 1.56422 -nan
4.73 1.51761 0.500155 1.55777 -nan
4.74 1.52761 0.500381 1.55102 -nan
4.75 1.5376 0.500707 1.54397 -nan
4.76 1.54759 0.501133 1.53663 -nan
4.77 1.55758 0.501659 1.52899 -nan
4.78 1.56756 0.502285 1.52106 -nan
4.79 1.57753 0.50301 1.51284 -nan
4.8 1.5875 0.503835 1.50434 -nan
4.81 1.59746 0.50476 1.49555 -nan
4.82 1.6074 0.505784 1.4865 -nan
4.83 1.61734 0.506908 1.47717 -nan
4.84 1.62726 0.508131 1.46759 -nan
4.85 1.63718 0.509453 1.45774 -nan
4.86 1.64708 0.510875 1.44764 -nan
4.87 1.65696 0.512395 1.4373 -nan
4.88 1.66683 0.514014 1.42673 -nan
4.89 1.67668 0.515731 1.41592 -nan
4.9 1.68651 0.517547 1.40489 -nan
4.91 1.69633 0.519462 1.39364 -nan
4.92 1.70612 0.521474 1.38219 -nan
4.93 1.7159 0.523584 1.37054 -nan
4.94 1.72565 0.525792 1.3587 -nan
4.95 1.73538 0.528097 1.34669 -nan
4.96 1.74509 0.530499 1.33449 -nan
4.97 1.75477 0.532999 1.32214 -nan
4.98 1.76443 0.535595 1.30963 -nan
4.99 1.77406 0.538287 1.29698 -nan
5 1.78366 0.541076 1.28419 -nan
5.01 1.79324 0.54396 1.27127 -nan
5.02 1.80278 0.54694 1.25824 -nan
5.03 1.8123 0.550016 1.2451 -nan
5.04 1.82178 0.553186 1.23186 -nan
5.05 1.83123 0.556451 1.21853 -nan
5.06 1.84065 0.559811 1.20512 -nan
5.07 1.85004 0.563264 1.19164 -nan
5.08 1.85939 0.566811 1.1781 -nan
5.09 1.8687 0.570452 1.1645 -nan
5.1 1.87798 0.574185 1.15086 -nan
5.11 1.88722 0.578011 1.13719 -nan
5.12 1.89642 0.58193 1.12349 -nan
5.13 1.90558 0.58594 1.10976 -nan
5.14 1.9147 0.590041 1.09603 -nan
5.15 1.92378 0.594233 1.08229 -nan
5.16 1.93281 0.598516 1.06856 -nan
5.17 1.94181 0.602889 1.05485 -nan
5.18 1.95076 0.607352 1.04115 -nan
5.19 1.95966 0.611904 1.02748 -nan
5.2 1.96852 0.616545 1.01384 -nan
5.21 1.97733 0.621275 1.00025 -nan
5.22 1.98609 0.626092 0.986701 -nan
5.23 1.99481 0.630996 0.973208 -nan
5.24 2.00347 0.635988 0.959775 -nan
5.25 2.01209 0.641066 0.946408 -nan
5.26 2.02065 0.646229 0.933112 -nan
5.27 2.02916 0.651478 0.919893 -nan
5.28 2.03762 0.656812 0.906756 -nan
5.29 2.04602 0.662231 0.893706 -nan
5.3 2.05437 0.667733 0.880748 -nan
5.31 2.06267 0.673318 0.867886 -nan
5.32 2.07091 0.678986 0.855123 -nan
5.33 2.07909 0.684736 0.842465 -nan
5.34 2.08721 0.690567 0.829915 -nan
5.35 2.09528 0.69648 0.817476 -nan
5.36 2.10328 0.702473 0.805152 -nan
5.37 2.11123 0.708545 0.792946 -nan
5.38 2.11911 0.714697 0.780861 -nan
5.39 2.12693 0.720927 0.768898 -nan
5.4 2.13469 0.727236 0.757062 -nan
5.41 2.14239 0.733621 0.745353 -nan
5.42 2.15002 0.740083 0.733775 -nan
5.43 2.15759 0.746621 0.722329 -nan
5.44 2.16509 0.753235 0.711016 -nan
5.45 2.17252 0.759923 0.699839 -nan
5.46 2.17989 0.766685 0.688798 -nan
5.47 2.18719 0.77352 0.677895 -nan
5.48 2.19442 0.780428 0.66713 -nan
5.49 2.20158 0.787408 0.656506 -nan
5.5 2.20867 0.79446 0.646021 -nan
5.51 2.21569 0.801582 0.635678 -nan
5.52 2.22264 0.808773 0.625476 -nan
5.53 2.22951 0.816034 0.615416 -nan
5.54 2.23632 0.823363 0.605498 -nan
5.55 2.24305 0.83076 0.595722 -nan
5.56 2.2497 0.838224 0.586088 -nan
5.57 2.25628 0.845754 0.576595 -nan
5.58 2.26279 0.853349 0.567245 -nan
5.59 2.26921 0.861009 0.558035 -nan
5.6 2.27557 0.868733 0.548967 -nan
5.61 2.28184 0.87652 0.540038 -nan
5.62 2.28804 0.88437 0.53125 -nan
5.63 2.29415 0.892281 0.5226 -nan
5.64 2.30019 0.900253 0.514089 -nan
5.65 2.30615 0.908284 0.505714 -nan
5.66 2.31202 0.916375 0.497477 -nan
5.67 2.31782 0.924525 0.489374 -nan
5.68 2.32353 0.932731 0.481407 -nan
5.69 2.32916 0.940995 0.473572 -nan
5.7 2.33471 0.949314 0.46587 -nan
5.71 2.34018 0.957689 0.458299 -nan
5.72 2.34556 0.966118 0.450858 -nan
5.73 2.35086 0.9746 0.443545 -nan
5.74 2.35607 0.983135 0.43636 -nan
5.75 2.36119 0.991721 0.4293 -nan
5.76 2.36623 1.00036 0.422365 0.421772
5.77 2.37119 1.00905 0.415554 0.415005
5.78 2.37605 1.01778 0.408864 0.408356
5.79 2.38083 1.02657 0.402295 0.401825
5.8 2.38552 1.0354 0.395844 0.39541
5.81 2.39012 1.04428 0.389511 0.38911
5.82 2.39463 1.0532 0.383294 0.382924
5.83 2.39906 1.06217 0.377191 0.376849
5.84 2.40339 1.07118 0.371202 0.370886
5.85 2.40763 1.08024 0.365323 0.365032
5.86 2.41179 1.08933 0.359555 0.359287
5.87 2.41585 1.09847 0.353895 0.353648
5.88 2.41982 1.10765 0.348342 0.348114
5.89 2.42369 1.11687 0.342894 0.342685
5.9 2.42748 1.12612 0.33755 0.337357
5.91 2.43117 1.13542 0.332308 0.332131
5.92 2.43477 1.14475 0.327167 0.327004
5.93 2.43828 1.15411 0.322125 0.321976
5.94 2.44169 1.16351 0.317181 0.317044
5.95 2.44501 1.17295 0.312333 0.312207
5.96 2.44823 1.18241 0.30758 0.307464
5.97 2.45136 1.19191 0.30292 0.302813
5.98 2.45439 1.20144 0.298351 0.298254
5.99 2.45733 1.211 0.293873 0.293783
6 2.46017 1.22058 0.289483 0.289401
6.01 2.46292 1.2302 0.285181 0.285106
6.02 2.46557 1.23984 0.280965 0.280896
6.03 2.46812 1.24951 0.276833 0.27677
6.04 2.47058 1.2592 0.272784 0.272726
6.05 2.47294 1.26892 0.268816 0.268763
6.06 2.4752 1.27866 0.264929 0.264881
6.07 2.47736 1.28843 0.261121 0.261077
6.08 2.47943 1.29821 0.25739 0.25735
6.09 2.4814 1.30801 0.253735 0.253698
6.1 2.48327 1.31784 0.250155 0.250122
6.11 2.48504 1.32768 0.246649 0.246618
6.12 2.48671 1.33754 0.243215 0.243187
6.13 2.48829 1.34741 0.239852 0.239826
6.14 2.48977 1.3573 0.236558 0.236535
6.15 2.49114 1.36721 0.233333 0.233312
6.16 2.49242 1.37713 0.230176 0.230157
6.17 2.4936 1.38706 0.227084 0.227067
6.18 2.49468 1.397 0.224058 0.224042
6.19 2.49566 1.40695 0.221095 0.22108
6.2 2.49654 1.41691 0.218195 0.218181
6.21 2.49732 1.42688 0.215356 0.215344
6.22 2.498 1.43686 0.212577 0.212566
6.23 2.49859 1.44684 0.209858 0.209848
6.24 2.49907 1.45683 0.207197 0.207188
6.25 2.49945 1.46682 0.204593 0.204585
6.26 2.49973 1.47682 0.202046 0.202038
6.27 2.49991 1.48682 0.199553 0.199547
6.28 2.49999 1.49681 0.197115 0.197109
