989.003 0.329389
989.006 0.331723
989.01 0.334076
989.013 0.336441
989.017 0.338813
989.021 0.341186
989.024 0.343552
989.028 0.345904
989.032 0.348236
989.036 0.35054
989.039 0.352809
989.043 0.355035
989.047 0.357212
989.051 0.359333
989.055 0.36139
989.059 0.363377
989.063 0.365288
989.066 0.367116
989.07 0.368856
989.074 0.370501
989.079 0.372046
989.083 0.373485
989.087 0.374812
989.091 0.37602
989.095 0.377103
989.1 0.378054
989.104 0.378865
989.109 0.379529
989.114 0.380037
989.118 0.380378
989.123 0.380543
989.128 0.380519
989.134 0.380293
989.139 0.379853
989.145 0.379183
989.15 0.37827
989.156 0.3771
989.163 0.37566
989.169 0.373938
989.176 0.371918
989.183 0.36958
989.19 0.366892
989.198 0.363815
989.206 0.360338
989.214 0.356654
989.221 0.352951
989.229 0.349256
989.236 0.345562
989.243 0.341861
989.249 0.338147
989.256 0.334415
989.263 0.330664
989.269 0.326892
989.276 0.323097
989.282 0.319278
989.289 0.315437
989.295 0.311575
989.302 0.307691
989.308 0.303785
989.315 0.299855
989.322 0.2959
989.328 0.291918
989.335 0.287909
989.342 0.28387
989.349 0.279797
989.356 0.275688
989.363 0.27154
989.371 0.267349
989.379 0.263112
989.387 0.258834
989.395 0.254529
989.403 0.250236
989.411 0.246034
989.419 0.242009
989.427 0.238193
989.435 0.234589
989.443 0.23119
989.45 0.227986
989.457 0.224968
989.464 0.22213
989.471 0.219465
989.478 0.216971
989.485 0.214644
989.492 0.212484
989.499 0.21049
989.505 0.208663
989.512 0.207005
989.518 0.205519
989.525 0.204208
989.531 0.203077
989.538 0.202135
989.544 0.201393
989.551 0.200861
989.557 0.200555
989.564 0.200484
989.57 0.20064
989.576 0.201003
989.581 0.201551
989.586 0.202262
989.592 0.203121
989.596 0.204115
989.601 0.205234
989.606 0.206468
989.61 0.207811
989.614 0.209255
989.618 0.210797
989.622 0.21243
989.626 0.214151
989.63 0.215956
989.634 0.21784
989.638 0.219801
989.642 0.221835
989.645 0.223939
989.649 0.22611
989.652 0.228346
989.656 0.230643
989.659 0.232998
989.663 0.23541
989.666 0.237876
989.67 0.240391
989.673 0.242955
989.676 0.245563
989.68 0.248213
989.683 0.250902
989.687 0.253626
989.69 0.256383
989.693 0.259167
989.697 0.261975
989.7 0.264802
989.703 0.267645
989.707 0.270497
989.71 0.273355
989.713 0.276214
989.717 0.279066
989.72 0.281908
989.724 0.284732
989.727 0.287533
989.731 0.290304
989.734 0.293038
989.738 0.295729
989.741 0.29837
989.745 0.300955
989.748 0.303478
989.752 0.305934
989.755 0.308315
989.759 0.310617
989.763 0.312834
989.767 0.314962
989.77 0.316995
989.774 0.318928
989.778 0.320757
989.782 0.322476
989.786 0.32408
989.79 0.325564
989.794 0.326921
989.798 0.328147
989.803 0.329233
989.807 0.330172
989.812 0.330956
989.817 0.331574
989.821 0.332014
989.827 0.332265
989.832 0.33231
989.837 0.332135
989.843 0.331723
989.849 0.331062
989.855 0.33014
989.861 0.328953
989.868 0.327496
989.875 0.325761
989.882 0.323733
989.889 0.321394
989.896 0.31875
989.904 0.315925
989.911 0.313048
989.918 0.310152
989.925 0.307243
989.931 0.304319
989.938 0.30138
989.944 0.298424
989.95 0.295451
989.957 0.292461
989.963 0.289454
989.969 0.286429
989.975 0.283388
989.981 0.28033
989.987 0.277258
989.993 0.274172
989.999 0.271071
990.006 0.267956
990.012 0.264826
990.018 0.261681
990.024 0.258519
990.031 0.255341
990.037 0.252145
990.044 0.248929
990.05 0.245693
990.057 0.242433
990.064 0.239146
990.071 0.235831
990.078 0.23248
990.086 0.22909
990.093 0.225654
990.101 0.222164
990.109 0.218617
990.118 0.215022
990.126 0.211419
990.135 0.20792
990.143 0.204606
990.151 0.20149
990.159 0.198559
990.167 0.1958
990.174 0.1932
990.181 0.190748
990.189 0.188437
990.196 0.186262
990.203 0.18422
990.209 0.182308
990.216 0.180527
990.223 0.178875
990.229 0.177354
990.235 0.175964
990.242 0.174707
990.248 0.173585
990.254 0.1726
990.26 0.171755
990.266 0.171052
990.272 0.170497
990.278 0.170093
990.284 0.169848
990.29 0.169767
990.296 0.169862
990.301 0.170144
990.307 0.170625
990.313 0.171319
990.319 0.172226
990.325 0.173332
990.33 0.174609
990.335 0.176031
990.34 0.177579
990.345 0.179243
990.349 0.181013
990.354 0.182882
990.358 0.184846
990.362 0.1869
990.366 0.189041
990.369 0.191266
990.373 0.193572
990.377 0.195955
990.38 0.198414
990.384 0.200946
990.387 0.20355
990.391 0.206222
990.394 0.208962
990.397 0.211766
990.4 0.214633
990.404 0.217562
990.407 0.220549
990.41 0.223593
990.413 0.226692
990.416 0.229845
990.419 0.233047
990.422 0.236299
990.425 0.239596
990.428 0.242937
990.431 0.24632
990.434 0.24974
990.437 0.253196
990.44 0.256684
990.443 0.260199
990.447 0.263739
990.45 0.267299
990.453 0.270874
990.456 0.274461
990.459 0.278054
990.462 0.28165
990.465 0.285241
990.468 0.288823
990.471 0.29239
990.474 0.295937
990.477 0.299456
990.48 0.302942
990.484 0.306388
990.487 0.30979
990.49 0.313139
990.493 0.316432
990.496 0.319663
990.5 0.322826
990.503 0.325915
990.506 0.328928
990.51 0.331857
990.513 0.3347
990.517 0.337451
990.52 0.340107
990.524 0.342663
990.528 0.345114
990.531 0.347456
990.535 0.349684
990.539 0.351793
990.543 0.353776
990.548 0.355628
990.552 0.35734
990.556 0.358903
990.561 0.360306
990.566 0.361534
990.571 0.362567
990.577 0.36338
990.582 0.363941
990.588 0.364226
990.594 0.364227
990.6 0.363954
990.606 0.363419
990.613 0.362632
990.619 0.361596
990.625 0.360315
990.632 0.358795
990.638 0.357065
990.645 0.355178
990.651 0.353178
990.658 0.351092
990.664 0.348938
990.67 0.346724
990.676 0.344458
990.681 0.342145
990.687 0.33979
990.693 0.337394
990.699 0.334962
990.704 0.332495
990.71 0.329995
990.716 0.327464
990.721 0.324905
990.727 0.322319
990.732 0.319707
990.738 0.317071
990.744 0.314411
990.75 0.311728
990.755 0.309024
990.761 0.306297
990.767 0.30355
990.773 0.300781
990.779 0.297993
990.785 0.295185
990.791 0.292357
990.797 0.289509
990.803 0.286643
990.809 0.283757
990.816 0.280852
990.822 0.277928
990.829 0.274985
990.835 0.272023
990.842 0.269041
990.849 0.26604
990.856 0.263019
990.863 0.259979
990.87 0.256918
990.877 0.253838
990.884 0.250736
990.892 0.247615
990.899 0.244472
990.907 0.241307
990.915 0.238122
990.923 0.234914
990.932 0.231685
990.94 0.228435
990.949 0.225163
990.958 0.22187
990.967 0.218557
990.977 0.215227
990.986 0.21188
990.996 0.208521
991.007 0.205154
991.017 0.201788
991.028 0.198433
991.038 0.195104
991.049 0.19182
991.06 0.188604
991.071 0.185485
991.082 0.182482
991.093 0.179601
991.103 0.176847
991.113 0.174219
991.123 0.171713
991.133 0.169324
991.142 0.167047
991.152 0.164874
991.161 0.162801
991.17 0.160821
991.178 0.15893
991.187 0.157123
991.195 0.155394
991.203 0.15374
991.211 0.152157
991.219 0.150641
991.227 0.14919
991.234 0.1478
991.242 0.146468
991.249 0.145193
991.256 0.143972
991.263 0.142803
991.27 0.141685
991.277 0.140617
991.284 0.139597
991.29 0.138624
991.297 0.137698
991.303 0.136817
991.309 0.135983
991.315 0.135194
991.321 0.13445
991.327 0.133753
991.333 0.133103
991.339 0.132499
991.345 0.131944
991.35 0.131439
991.356 0.130985
991.361 0.130583
991.367 0.130236
991.372 0.129946
991.377 0.129714
991.383 0.129545
991.388 0.12944
991.393 0.129403
991.398 0.129437
991.403 0.129546
991.408 0.129733
991.412 0.130002
991.417 0.130359
991.422 0.130807
991.426 0.131352
991.431 0.131999
991.435 0.132755
991.44 0.133625
991.444 0.134617
991.449 0.13574
991.453 0.137001
991.457 0.138413
991.462 0.139987
991.466 0.141737
991.47 0.143681
991.475 0.145834
991.479 0.148219
991.483 0.150855
991.487 0.153751
991.492 0.156882
991.496 0.160201
991.5 0.163658
991.504 0.16722
991.507 0.170872
991.511 0.17461
991.514 0.178431
991.517 0.182336
991.52 0.186327
991.523 0.190403
991.526 0.194566
991.529 0.198815
991.532 0.203153
991.535 0.207578
991.537 0.212091
991.54 0.216692
991.543 0.221381
991.545 0.226158
991.548 0.231022
991.55 0.235973
991.553 0.241012
991.555 0.246136
991.557 0.251347
991.56 0.256643
991.562 0.262024
991.564 0.267489
991.567 0.273037
991.569 0.278667
991.571 0.284379
991.574 0.290171
991.576 0.296043
991.578 0.301992
991.58 0.308018
991.583 0.314119
991.585 0.320293
991.587 0.326539
991.589 0.332852
991.592 0.339231
991.594 0.345672
991.596 0.352174
991.598 0.358733
991.601 0.365346
991.603 0.37201
991.605 0.378722
991.608 0.385479
991.61 0.392275
991.612 0.399109
991.615 0.405975
991.617 0.41287
991.619 0.41979
991.622 0.426731
991.624 0.43369
991.626 0.440662
991.629 0.447645
991.631 0.454635
991.634 0.46163
991.636 0.468627
991.639 0.475624
991.642 0.482621
991.644 0.489616
991.647 0.49661
991.65 0.503604
991.652 0.510599
991.655 0.517598
991.658 0.524606
991.661 0.531629
991.664 0.538676
991.667 0.54576
991.671 0.552897
991.674 0.560112
991.678 0.567443
991.682 0.574947
991.686 0.58272
991.69 0.59093
991.695 0.599611
991.7 0.60752
991.705 0.614613
991.709 0.621149
991.713 0.627271
991.718 0.633062
991.722 0.638578
991.726 0.64385
991.73 0.648907
991.735 0.653773
991.739 0.658467
991.743 0.663002
991.748 0.667389
991.752 0.671635
991.757 0.675745
991.762 0.679721
991.766 0.683565
991.771 0.687276
991.776 0.690856
991.781 0.694304
991.785 0.697625
991.79 0.700821
991.795 0.703899
991.8 0.706865
991.805 0.709726
991.809 0.712488
991.814 0.71516
991.819 0.717748
991.824 0.720259
991.829 0.7227
991.834 0.725078
991.839 0.727398
991.844 0.729667
991.849 0.731891
991.854 0.734074
991.859 0.736222
991.864 0.738341
991.869 0.740435
991.874 0.742511
991.88 0.744573
991.885 0.746627
991.89 0.748677
991.895 0.75073
991.901 0.752792
991.906 0.754868
991.912 0.756965
991.917 0.759089
991.923 0.761247
991.929 0.763447
991.934 0.765696
991.94 0.768003
991.946 0.770378
991.952 0.772829
991.958 0.775368
991.964 0.778007
991.97 0.780758
991.976 0.783635
991.983 0.786655
991.989 0.789834
991.996 0.793191
992.002 0.796745
992.009 0.800517
992.016 0.804522
992.023 0.80877
992.03 0.813244
992.037 0.817896
992.044 0.822683
992.05 0.827573
992.057 0.832546
992.063 0.837594
992.069 0.842716
992.075 0.847913
992.081 0.853189
992.086 0.858548
992.092 0.863993
992.097 0.869528
992.102 0.875157
992.107 0.880883
992.112 0.88671
992.117 0.892642
992.122 0.89868
992.127 0.90483
992.132 0.911093
992.137 0.917472
992.141 0.923972
992.146 0.930595
992.151 0.937344
992.155 0.944223
992.16 0.951234
992.165 0.958381
992.169 0.965666
992.174 0.973093
992.178 0.980663
992.183 0.988377
992.187 0.996236
992.192 1.00424
992.197 1.01239
992.201 1.02069
992.206 1.02914
992.21 1.03773
992.215 1.04647
992.22 1.05534
992.225 1.06435
992.229 1.07348
992.234 1.08273
992.239 1.0921
992.244 1.10158
992.248 1.11116
992.253 1.12084
992.258 1.13061
992.263 1.14047
992.268 1.15042
992.273 1.16046
992.278 1.17058
992.283 1.1808
992.288 1.1911
992.293 1.20151
992.298 1.21201
992.303 1.22262
992.309 1.23334
992.314 1.24419
992.319 1.25515
992.325 1.26625
992.331 1.2775
992.336 1.28888
992.342 1.30043
992.348 1.31214
992.354 1.32401
992.36 1.33607
992.367 1.34833
992.373 1.36078
992.38 1.37344
992.387 1.38634
992.394 1.39949
992.401 1.4129
992.408 1.42658
992.416 1.44054
992.424 1.45474
992.432 1.46912
992.44 1.48356
992.448 1.49793
992.456 1.51213
992.464 1.52614
992.472 1.53997
992.48 1.55364
992.488 1.5672
992.496 1.58065
992.503 1.59405
992.511 1.6074
992.519 1.62073
992.527 1.63405
992.535 1.64738
992.543 1.66072
992.551 1.67408
992.559 1.68743
992.566 1.70078
992.574 1.71412
992.582 1.72743
992.59 1.74073
992.598 1.75403
992.605 1.76733
992.613 1.78065
992.62 1.79402
992.628 1.80744
992.635 1.82094
992.643 1.83452
992.65 1.84817
992.658 1.86185
992.665 1.87552
992.672 1.8891
992.679 1.90254
992.685 1.91579
992.692 1.92884
992.698 1.94167
992.704 1.95432
992.71 1.96679
992.716 1.9791
992.721 1.99129
992.727 2.00336
992.732 2.01534
992.737 2.02725
992.743 2.03911
992.748 2.05093
992.752 2.06272
992.757 2.0745
992.762 2.08628
992.767 2.09808
992.771 2.1099
992.776 2.12175
992.781 2.13364
992.785 2.14559
992.79 2.1576
992.794 2.16968
992.799 2.18184
992.803 2.19409
992.808 2.20643
992.812 2.21886
992.816 2.2314
992.821 2.24406
992.825 2.25682
992.83 2.26969
992.834 2.28269
992.839 2.2958
992.843 2.30903
992.847 2.32238
992.852 2.33585
992.856 2.34943
992.861 2.36312
992.866 2.3769
992.87 2.39077
992.875 2.40473
992.879 2.41875
992.884 2.43284
992.889 2.44699
992.893 2.46118
992.898 2.4754
992.903 2.48967
992.908 2.50396
992.912 2.51829
992.917 2.53264
992.922 2.54702
992.927 2.56143
992.932 2.57587
992.937 2.59034
992.942 2.60484
992.947 2.61938
992.952 2.63396
992.958 2.64858
992.963 2.66324
992.969 2.67794
992.974 2.69267
992.98 2.70744
992.986 2.72223
992.992 2.73704
992.998 2.75186
993.004 2.76668
993.011 2.78149
993.017 2.79627
993.024 2.81102
993.031 2.82571
993.038 2.84035
993.046 2.85489
993.053 2.86929
993.061 2.88345
993.069 2.89722
993.077 2.9104
993.085 2.92279
993.093 2.93435
993.101 2.94507
993.109 2.95501
993.117 2.9642
993.125 2.97267
993.132 2.98045
993.14 2.98756
993.148 2.99401
993.156 2.9998
993.163 3.00495
993.171 3.00945
993.179 3.0133
993.187 3.01649
993.195 3.01902
993.203 3.02089
993.211 3.02211
993.219 3.02267
993.226 3.02262
993.234 3.02196
993.242 3.02073
993.25 3.01896
993.257 3.01666
993.265 3.01387
993.272 3.01061
993.28 3.0069
993.287 3.00276
993.295 2.99822
993.302 2.99332
993.309 2.98811
993.316 2.98266
993.323 2.97705
993.33 2.97134
993.337 2.96559
993.343 2.95984
993.349 2.95412
993.355 2.94843
993.36 2.94279
993.366 2.93721
993.371 2.93168
993.377 2.92621
993.382 2.92079
993.387 2.91543
993.392 2.91012
993.397 2.90486
993.401 2.89965
993.406 2.89449
993.411 2.88936
993.415 2.88427
993.42 2.87922
993.424 2.87419
993.429 2.86918
993.433 2.86419
993.437 2.85922
993.442 2.85424
993.446 2.84927
993.45 2.84429
993.455 2.8393
993.459 2.83429
993.463 2.82924
993.467 2.82417
993.472 2.81904
993.476 2.81387
993.48 2.80864
993.484 2.80334
993.489 2.79796
993.493 2.7925
993.497 2.78694
993.502 2.78127
993.506 2.7755
993.51 2.76959
993.515 2.76356
993.519 2.75739
993.524 2.75106
993.528 2.74457
993.533 2.73792
993.537 2.73108
993.542 2.72405
993.546 2.71681
993.551 2.70935
993.555 2.70166
993.56 2.69371
993.565 2.68549
993.57 2.67698
993.574 2.66816
993.579 2.65901
993.584 2.6495
993.589 2.63961
993.594 2.6293
993.599 2.61855
993.605 2.60733
993.61 2.5956
993.616 2.58334
993.621 2.57049
993.627 2.55703
993.633 2.54291
993.639 2.52809
993.645 2.51253
993.651 2.49618
993.658 2.47898
993.664 2.46088
993.671 2.44179
993.678 2.42163
993.686 2.4003
993.693 2.37773
993.701 2.35391
993.709 2.32901
993.717 2.30348
993.725 2.27784
993.733 2.25224
993.741 2.22671
993.749 2.20121
993.756 2.17568
993.764 2.15007
993.772 2.12434
993.779 2.09843
993.787 2.07234
993.794 2.04603
993.802 2.01947
993.809 1.99264
993.817 1.96553
993.825 1.93815
993.833 1.9105
993.841 1.88266
993.848 1.85469
993.856 1.82672
993.864 1.7989
993.872 1.77137
993.88 1.7442
993.888 1.71745
993.895 1.69114
993.903 1.6653
993.91 1.6399
993.918 1.61494
993.925 1.59039
993.933 1.56625
993.94 1.5425
993.947 1.51915
993.955 1.49626
993.962 1.47392
993.969 1.45229
993.976 1.43155
993.983 1.41185
993.989 1.39322
993.996 1.37566
994.002 1.35911
994.007 1.34348
994.013 1.3287
994.018 1.31469
994.024 1.30139
994.029 1.28873
994.034 1.27666
994.039 1.26514
994.044 1.25412
994.048 1.24357
994.053 1.23345
994.057 1.22374
994.062 1.2144
994.066 1.20542
994.071 1.19677
994.075 1.18843
994.079 1.18038
994.084 1.1726
994.088 1.16508
994.092 1.1578
994.096 1.15075
994.1 1.1439
994.104 1.13726
994.108 1.1308
994.112 1.12451
994.117 1.11839
994.121 1.11241
994.125 1.10658
994.129 1.10088
994.133 1.0953
994.137 1.08983
994.141 1.08446
994.145 1.07918
994.149 1.07399
994.154 1.06886
994.158 1.06381
994.162 1.05881
994.166 1.05386
994.17 1.04894
994.175 1.04406
994.179 1.0392
994.183 1.03436
994.188 1.02951
994.192 1.02466
994.196 1.01979
994.201 1.01489
994.205 1.00996
994.21 1.00497
994.214 0.999915
994.219 0.994784
994.223 0.989564
994.228 0.984239
994.233 0.978795
994.238 0.973218
994.243 0.967492
994.248 0.961601
994.253 0.955527
994.258 0.949254
994.263 0.942764
994.269 0.936039
994.274 0.929061
994.28 0.921812
994.286 0.914273
994.292 0.906426
994.298 0.898251
994.305 0.889725
994.311 0.880823
994.318 0.871512
994.325 0.861751
994.332 0.85149
994.34 0.840684
994.348 0.829334
994.356 0.81758
994.364 0.805803
994.372 0.79423
994.38 0.782887
994.387 0.771744
994.395 0.76076
994.402 0.7499
994.41 0.739132
994.417 0.72843
994.424 0.717772
994.431 0.707149
994.439 0.696549
994.446 0.685958
994.453 0.675363
994.461 0.664754
994.468 0.654125
994.476 0.643473
994.484 0.632803
994.491 0.62213
994.499 0.611483
994.507 0.600909
994.515 0.590476
994.523 0.580272
994.531 0.570353
994.539 0.560754
994.547 0.551489
994.554 0.542561
994.562 0.533966
994.569 0.525694
994.576 0.517735
994.584 0.510081
994.591 0.502723
994.598 0.495655
994.605 0.488874
994.613 0.482385
994.62 0.476206
994.627 0.470371
994.634 0.464931
994.641 0.45994
994.647 0.455423
994.654 0.451375
994.66 0.447765
994.666 0.444554
994.671 0.441706
994.677 0.439187
994.682 0.436968
994.687 0.435022
994.692 0.433328
994.697 0.431867
994.701 0.430623
994.706 0.429581
994.71 0.428728
994.715 0.428051
994.719 0.427542
994.724 0.42719
994.728 0.426987
994.732 0.426924
994.736 0.426994
994.74 0.42719
994.744 0.427507
994.748 0.427936
994.752 0.428473
994.756 0.429112
994.76 0.429847
994.764 0.430672
994.768 0.431584
994.772 0.432575
994.776 0.433641
994.78 0.434776
994.783 0.435976
994.787 0.437232
994.791 0.438541
994.795 0.439896
994.799 0.441291
994.803 0.442718
994.807 0.444172
994.811 0.445645
994.815 0.44713
994.819 0.44862
994.823 0.450105
994.827 0.451579
994.831 0.453034
994.835 0.454461
994.839 0.455852
994.843 0.457201
994.848 0.458498
994.852 0.459737
994.856 0.460911
994.86 0.462011
994.864 0.463032
994.869 0.463966
994.873 0.464807
994.878 0.465546
994.882 0.466177
994.887 0.466692
994.891 0.467084
994.896 0.467344
994.901 0.467464
994.906 0.467434
994.911 0.467244
994.916 0.466884
994.921 0.466342
994.926 0.465607
994.932 0.464665
994.937 0.463505
994.943 0.462112
994.949 0.460473
994.955 0.458574
994.962 0.456401
994.968 0.453937
994.975 0.45116
994.982 0.448043
994.99 0.444551
994.998 0.440653
995.006 0.436362
995.014 0.43186
995.022 0.42732
995.029 0.422776
995.037 0.418227
995.044 0.413665
995.051 0.409084
995.058 0.404479
995.065 0.399844
995.072 0.395177
995.079 0.390476
995.086 0.385741
995.093 0.380973
995.1 0.376169
995.107 0.371329
995.114 0.366449
995.122 0.361528
995.129 0.356564
995.136 0.351558
995.144 0.346509
995.152 0.341423
995.159 0.336308
995.167 0.331185
995.175 0.326089
995.183 0.321073
995.191 0.316203
995.199 0.311518
995.207 0.307035
995.215 0.302761
995.222 0.298696
995.23 0.294836
995.237 0.291178
995.244 0.287717
995.251 0.28445
995.258 0.281377
995.265 0.278497
995.272 0.275811
995.279 0.273322
995.286 0.271035
995.293 0.268961
995.3 0.267111
995.307 0.265509
995.314 0.264177
995.321 0.263125
995.327 0.262343
995.333 0.261811
995.339 0.261505
995.344 0.261402
995.349 0.261483
995.355 0.261733
995.359 0.262138
995.364 0.262688
995.369 0.263371
995.373 0.26418
995.378 0.265108
995.382 0.266147
995.386 0.267292
995.391 0.268538
995.395 0.269879
995.399 0.27131
995.403 0.272828
995.407 0.274428
995.411 0.276107
995.414 0.27786
995.418 0.279684
995.422 0.281576
995.426 0.283532
995.43 0.285549
995.433 0.287623
995.437 0.289751
995.441 0.291929
995.444 0.294153
995.448 0.29642
995.452 0.298725
995.455 0.301064
995.459 0.303433
995.463 0.305825
995.466 0.308238
995.47 0.310664
995.474 0.3131
995.478 0.315538
995.481 0.317973
995.485 0.320398
995.489 0.322806
995.493 0.325191
995.497 0.327545
995.5 0.329861
995.504 0.332133
995.508 0.334354
995.512 0.336516
995.516 0.338613
995.52 0.340639
995.524 0.342588
995.528 0.344455
995.532 0.346233
995.536 0.347917
995.54 0.349502
995.545 0.350982
995.549 0.352352
995.553 0.353606
995.558 0.354738
995.562 0.355742
995.567 0.356611
995.571 0.357338
995.576 0.357914
995.581 0.358332
995.586 0.358582
995.591 0.358653
995.596 0.358535
995.602 0.358215
995.608 0.357683
995.613 0.356924
995.619 0.355929
995.626 0.354685
995.632 0.353181
995.639 0.351402
995.646 0.349328
995.653 0.346932
995.661 0.344178
995.669 0.341064
995.677 0.337766
995.685 0.334442
995.692 0.331116
995.699 0.327784
995.706 0.32444
995.713 0.321081
995.72 0.317702
995.727 0.314304
995.733 0.310883
995.74 0.307441
995.747 0.303976
995.753 0.30049
995.76 0.296984
995.767 0.293457
995.773 0.289909
995.78 0.286338
995.787 0.282744
995.794 0.279125
995.801 0.27548
995.808 0.271807
995.815 0.268103
995.823 0.264368
995.83 0.260599
995.838 0.2568
995.846 0.25298
995.854 0.249162
995.862 0.245389
995.87 0.241737
995.878 0.238255
995.886 0.234959
995.894 0.231851
995.901 0.228925
995.909 0.226175
995.916 0.223596
995.923 0.221183
995.93 0.218933
995.937 0.216845
995.944 0.214916
995.951 0.21315
995.957 0.211546
995.964 0.210107
995.971 0.208837
995.977 0.207742
995.984 0.20683
995.991 0.206109
995.997 0.205593
996.004 0.205295
996.01 0.205226
996.017 0.205381
996.023 0.205743
996.029 0.206289
996.034 0.206999
996.039 0.207857
996.044 0.20885
996.049 0.209967
996.054 0.2112
996.058 0.212542
996.063 0.213986
996.067 0.215527
996.071 0.21716
996.075 0.218881
996.079 0.220686
996.083 0.222571
996.087 0.224534
996.091 0.22657
996.095 0.228678
996.098 0.230854
996.102 0.233095
996.106 0.235398
996.109 0.237762
996.113 0.240183
996.116 0.242659
996.12 0.245187
996.123 0.247764
996.127 0.250388
996.13 0.253056
996.134 0.255765
996.137 0.258511
996.141 0.261292
996.144 0.264103
996.147 0.26694
996.151 0.2698
996.154 0.272677
996.158 0.275567
996.161 0.278466
996.165 0.281368
996.168 0.284267
996.172 0.287159
996.175 0.290036
996.179 0.292893
996.182 0.295723
996.186 0.298519
996.19 0.301276
996.193 0.303986
996.197 0.306643
996.2 0.309241
996.204 0.311774
996.208 0.314237
996.212 0.316624
996.215 0.318929
996.219 0.321149
996.223 0.323277
996.227 0.325309
996.231 0.327241
996.235 0.329067
996.239 0.330783
996.243 0.332383
996.248 0.333863
996.252 0.335215
996.256 0.336434
996.261 0.337512
996.266 0.338441
996.27 0.339212
996.275 0.339814
996.281 0.340237
996.286 0.340465
996.291 0.340487
996.297 0.340286
996.303 0.339851
996.309 0.339171
996.316 0.338236
996.322 0.337038
996.329 0.335565
996.336 0.333797
996.344 0.33171
996.352 0.32931
996.359 0.326745
996.367 0.324126
996.374 0.321477
996.38 0.318801
996.387 0.316098
996.394 0.313368
996.4 0.310611
996.406 0.307827
996.413 0.305016
996.419 0.30218
996.425 0.299318
996.431 0.296432
996.438 0.293523
996.444 0.290592
996.45 0.287639
996.457 0.284666
996.463 0.28167
996.469 0.278652
996.476 0.275612
996.482 0.272548
996.489 0.269459
996.496 0.266344
996.502 0.263201
996.509 0.260027
996.516 0.256819
996.524 0.253573
996.531 0.250284
996.539 0.246948
996.547 0.24356
996.555 0.240124
996.563 0.236662
996.572 0.233236
996.58 0.229948
996.588 0.22684
996.596 0.223916
996.604 0.221166
996.611 0.21858
996.619 0.216147
996.626 0.213862
996.633 0.211719
996.64 0.209715
996.647 0.207849
996.653 0.20612
996.66 0.204529
996.666 0.203077
996.673 0.201765
996.679 0.200597
996.685 0.199574
996.692 0.198701
996.698 0.197982
996.704 0.197421
996.71 0.197026
996.716 0.196805
996.722 0.196769
996.728 0.196929
996.735 0.197301
996.741 0.197896
996.747 0.198713
996.753 0.199733
996.758 0.200931
996.763 0.20228
996.768 0.203764
996.773 0.205372
996.778 0.207094
996.782 0.208923
996.787 0.210854
996.791 0.212882
996.795 0.215004
996.799 0.217216
996.802 0.219515
996.806 0.221898
996.81 0.224363
996.813 0.226906
996.817 0.229527
996.82 0.232221
996.824 0.234989
996.827 0.237827
996.831 0.240733
996.834 0.243707
996.837 0.246744
996.841 0.249844
996.844 0.253005
996.847 0.256225
996.85 0.2595
996.853 0.262831
996.856 0.266213
996.86 0.269644
996.863 0.273123
996.866 0.276645
996.869 0.280209
996.872 0.283811
996.875 0.287446
996.879 0.29111
996.882 0.294801
996.885 0.298512
996.888 0.302241
996.891 0.305982
996.894 0.309729
996.898 0.313478
996.901 0.317222
996.904 0.320956
996.907 0.324673
996.911 0.328367
996.914 0.332032
996.917 0.335661
996.921 0.339248
996.924 0.342789
996.927 0.346276
996.931 0.349704
996.934 0.353069
996.938 0.356365
996.941 0.359588
996.945 0.362733
996.948 0.365796
996.952 0.368773
996.956 0.37166
996.96 0.374453
996.963 0.377146
996.967 0.379737
996.971 0.38222
996.976 0.384591
996.98 0.386842
996.984 0.388969
996.989 0.390963
996.994 0.392815
996.998 0.394512
997.004 0.396039
997.009 0.397376
997.015 0.398498
997.021 0.399377
997.027 0.399991
997.033 0.400332
997.039 0.400401
997.046 0.4002
997.052 0.39973
997.059 0.398988
997.066 0.397978
997.073 0.396725
997.08 0.39529
997.086 0.393715
997.093 0.392028
997.099 0.390247
997.105 0.388382
997.111 0.386442
997.117 0.384433
997.123 0.382361
997.129 0.38023
997.135 0.378043
997.141 0.375804
997.146 0.373514
997.152 0.371177
997.158 0.368796
997.164 0.366373
997.17 0.363908
997.176 0.361403
997.182 0.35886
997.187 0.356278
997.193 0.353659
997.199 0.351004
997.205 0.348311
997.212 0.345583
997.218 0.342818
997.224 0.340017
997.23 0.337178
997.237 0.334302
997.243 0.331388
997.25 0.328434
997.257 0.325438
997.263 0.322399
997.27 0.319314
997.278 0.31618
997.285 0.312992
997.292 0.309745
997.3 0.306432
997.308 0.303044
997.316 0.299572
997.325 0.296008
997.334 0.292355
997.343 0.28865
997.352 0.285007
997.361 0.281524
997.37 0.278217
997.378 0.275076
997.386 0.272087
997.394 0.269236
997.402 0.266511
997.409 0.263906
997.417 0.261414
997.424 0.259031
997.431 0.256755
997.438 0.254582
997.445 0.252513
997.452 0.250546
997.459 0.248682
997.465 0.246922
997.472 0.245266
997.478 0.243716
997.485 0.242274
997.491 0.240941
997.497 0.23972
997.503 0.238613
997.509 0.237623
997.515 0.236752
997.52 0.236003
997.526 0.23538
997.532 0.234886
997.537 0.234525
997.542 0.234302
997.548 0.23422
997.553 0.234287
997.558 0.234509
997.563 0.234893
997.569 0.23545
997.574 0.236191
997.579 0.23713
997.584 0.238283
997.589 0.239667
997.594 0.2413
997.599 0.243186
997.604 0.245307
997.609 0.247624
997.614 0.250099
997.618 0.252709
997.623 0.255438
997.627 0.25828
997.63 0.26123
997.634 0.264285
997.638 0.267443
997.641 0.270701
997.645 0.27406
997.648 0.277517
997.651 0.28107
997.655 0.28472
997.658 0.288465
997.661 0.292303
997.664 0.296235
997.667 0.300258
997.67 0.304372
997.673 0.308576
997.675 0.31287
997.678 0.317251
997.681 0.32172
997.684 0.326274
997.687 0.330914
997.689 0.335638
997.692 0.340445
997.695 0.345333
997.697 0.350302
997.7 0.35535
997.703 0.360475
997.706 0.365676
997.708 0.370951
997.711 0.376298
997.714 0.381713
997.716 0.387194
997.719 0.392737
997.722 0.39834
997.724 0.404
997.727 0.409712
997.73 0.415473
997.732 0.42128
997.735 0.427127
997.738 0.43301
997.741 0.438924
997.743 0.444865
997.746 0.450826
997.749 0.456804
997.752 0.462793
997.755 0.468788
997.757 0.474785
997.76 0.480778
997.763 0.486765
997.766 0.492741
997.769 0.498702
997.772 0.504647
997.775 0.510573
997.778 0.516478
997.782 0.52236
997.785 0.52822
997.788 0.534058
997.791 0.539874
997.795 0.545671
997.798 0.551452
997.802 0.557222
997.806 0.562987
997.809 0.568757
997.813 0.574545
997.818 0.580373
997.822 0.586267
997.827 0.59227
997.832 0.598433
997.837 0.604734
997.843 0.610769
997.849 0.616227
997.854 0.621214
997.859 0.625825
997.865 0.630125
997.87 0.634147
997.875 0.637923
997.881 0.641475
997.886 0.644817
997.892 0.647951
997.897 0.650877
997.903 0.653586
997.909 0.65607
997.914 0.658329
997.92 0.660374
997.925 0.662221
997.931 0.663885
997.936 0.665383
997.941 0.666726
997.947 0.667929
997.952 0.669002
997.957 0.669955
997.963 0.670796
997.968 0.671532
997.973 0.672171
997.978 0.672717
997.984 0.673177
997.989 0.673555
997.994 0.673856
997.999 0.674084
